0 693 614 947 913 563 582 800 572 534 797 736 955 634 996 878 574 728 795 724 611 706 708 717 908 501 886 503 888 826 571 943 775 738 852 505 735 783 541 903 892 889 960 630 721 998 906 528 552 583 777 849 812 543 678 625 663 509 842 747 742 717 817 560 925 980 939 570 867 723 866 1 712 571 822 501 831 991 835 958 826 957 606 800 593 930 903 713 727 641 855 674 597 764 835 799 649 716 523 663 
651 0 883 877 885 974 651 646 608 509 884 716 746 1 763 774 688 671 651 689 530 964 946 519 579 958 554 822 738 975 549 792 996 948 990 950 899 739 525 876 628 514 883 902 822 683 616 553 554 634 602 702 806 630 591 640 570 768 582 934 679 719 555 679 793 869 901 501 799 683 994 929 693 862 887 580 937 566 976 748 754 633 871 847 903 673 857 537 789 712 838 878 581 913 975 727 785 531 677 885 
777 578 0 853 731 606 550 603 572 739 524 580 854 936 553 870 724 516 681 922 959 1 649 664 683 604 985 980 944 689 817 660 671 901 684 899 521 896 974 700 856 652 743 528 636 611 961 974 964 585 787 905 625 838 940 966 594 664 611 582 558 560 901 755 515 812 769 591 976 674 797 735 850 556 749 938 644 816 501 977 676 930 997 984 727 912 961 634 712 554 727 506 814 744 515 834 869 761 802 517 
542 997 776 0 598 722 775 916 969 824 718 642 933 709 863 556 743 893 833 634 857 888 540 713 608 523 918 956 713 996 708 693 686 862 701 714 798 606 754 615 970 595 870 976 584 612 753 732 638 628 749 530 907 549 900 829 999 861 577 1 648 953 797 939 709 548 998 691 963 564 708 669 563 522 500 746 872 780 598 970 530 807 679 711 568 518 561 676 979 901 931 613 639 893 500 813 667 584 971 517 
861 565 705 704 0 596 775 948 685 814 687 912 520 659 890 540 857 916 952 715 664 968 814 841 962 625 941 585 689 863 543 797 597 719 817 869 955 699 924 697 708 894 515 666 515 811 561 840 845 922 735 726 846 747 644 786 857 788 964 845 724 502 956 975 594 895 552 864 830 975 553 587 624 696 650 636 928 844 713 706 927 948 938 842 978 548 547 767 503 514 932 1 779 774 980 914 990 692 877 502 
709 733 872 700 865 0 508 588 871 837 506 877 995 538 836 634 571 921 693 768 524 647 901 846 959 836 702 917 934 537 825 966 744 567 871 871 546 622 830 923 793 924 944 629 542 651 584 880 826 569 817 674 852 861 807 802 989 561 587 853 586 824 1 977 801 582 985 637 582 839 778 557 952 803 574 906 889 809 850 901 786 903 989 769 944 907 649 812 673 868 840 828 820 826 503 502 836 853 633 627 
547 849 968 919 530 920 0 689 551 830 745 915 944 511 936 803 822 692 798 691 920 815 819 738 824 625 712 875 711 587 756 794 755 958 975 831 661 617 857 572 848 625 938 812 980 941 886 719 580 668 757 721 625 516 728 883 599 884 946 580 546 613 731 789 583 687 782 653 595 792 652 948 805 963 609 863 540 940 1 840 991 971 709 895 604 662 601 978 636 931 735 826 740 619 586 896 639 785 994 520 
912 896 708 844 627 616 1 0 585 825 820 889 626 511 921 769 945 625 887 985 648 571 971 687 717 825 811 977 943 757 953 538 513 994 895 640 733 769 796 971 606 615 726 754 978 861 528 578 963 519 642 795 700 561 527 608 909 901 683 832 509 527 603 635 569 815 674 594 549 943 962 894 705 773 829 557 607 740 630 727 549 556 703 657 551 765 572 591 666 720 922 523 898 712 510 508 986 775 810 561 
675 762 683 647 892 537 940 817 0 873 676 783 714 830 810 590 674 820 755 750 874 755 765 688 946 675 945 859 713 557 776 730 913 588 717 834 757 526 561 697 580 873 574 913 763 960 678 860 866 827 579 944 777 766 649 745 554 879 528 690 724 634 880 862 677 562 912 909 509 830 958 548 800 730 617 813 967 517 612 515 516 593 1 959 547 501 892 733 921 878 955 978 570 928 709 554 751 953 815 717 
839 786 663 515 515 585 909 758 738 0 742 975 849 706 721 575 915 653 798 501 704 604 829 865 1 874 641 937 742 630 788 931 853 718 724 574 767 800 657 822 562 887 583 829 993 515 915 603 903 622 975 658 559 695 659 795 748 653 820 856 743 894 863 527 875 814 785 845 961 827 930 673 550 550 516 684 695 723 880 552 860 683 505 901 929 687 809 700 665 526 864 952 532 747 615 895 888 513 801 869 
740 599 785 625 538 872 941 949 679 870 0 908 900 846 951 704 979 665 534 754 768 676 607 835 683 556 977 815 908 915 632 632 766 808 786 934 958 657 549 922 879 598 996 758 542 632 715 568 904 685 565 971 823 700 728 739 990 833 860 543 900 777 973 614 792 509 639 507 508 848 652 839 960 642 685 706 795 867 675 965 519 917 609 794 646 703 658 641 561 982 724 576 1 674 820 683 966 683 546 562 
640 543 610 568 626 841 901 792 917 878 722 0 711 997 843 1 926 904 874 612 917 891 732 533 753 723 546 692 943 729 771 931 511 869 925 910 608 638 902 572 905 506 815 824 670 886 948 699 865 685 972 643 831 594 621 519 911 913 716 874 873 797 599 898 953 687 975 925 613 500 613 818 637 522 776 802 589 622 629 587 547 753 627 911 851 828 787 518 849 686 701 949 871 806 773 943 896 983 680 938 
953 731 974 927 939 851 873 672 646 777 893 658 0 968 701 924 979 989 982 572 522 808 589 892 538 632 768 984 782 805 900 757 758 542 801 941 919 903 991 635 953 779 938 916 1 657 768 951 939 789 884 926 843 627 703 926 912 923 738 684 895 535 554 814 884 634 684 994 915 989 649 894 917 941 975 554 526 726 819 651 637 875 557 644 622 822 950 759 904 737 965 681 926 579 894 579 705 830 753 634 
997 822 802 962 745 989 578 803 537 769 724 821 938 0 998 807 970 649 642 929 834 990 850 749 631 911 864 506 683 840 634 587 588 862 842 504 790 565 781 783 920 873 812 665 848 960 816 640 917 909 834 860 1 777 946 873 771 658 954 720 603 830 838 652 744 778 820 637 827 864 518 884 579 524 691 633 689 823 587 597 679 858 950 812 629 853 501 955 691 900 714 708 894 711 614 878 610 774 880 537 
540 971 748 907 606 948 573 945 848 966 773 637 626 977 0 511 764 784 855 991 565 541 595 611 676 697 842 894 926 534 636 939 798 806 665 907 545 684 776 678 919 944 814 996 842 825 876 705 776 1 522 692 956 640 676 986 530 592 715 901 872 804 845 648 654 705 507 918 798 693 732 839 513 915 666 701 726 904 956 594 973 907 960 676 692 668 719 718 689 758 959 973 868 565 614 795 892 681 592 699 
954 881 647 591 655 578 659 992 926 803 990 717 501 802 602 0 935 692 638 669 655 602 785 694 972 933 908 857 581 736 665 729 905 860 845 923 571 515 580 916 941 682 986 936 887 902 976 742 644 558 828 988 830 860 798 767 756 516 633 924 533 975 602 950 935 662 511 995 850 503 823 826 544 541 826 744 786 932 869 892 985 508 840 865 806 951 896 935 823 629 832 513 800 696 955 570 683 1 877 563 
852 950 968 601 904 532 573 584 513 981 940 1 560 787 553 845 0 852 671 761 997 926 716 789 742 693 919 505 901 739 916 986 603 526 633 790 812 991 980 969 518 625 675 670 560 654 943 610 694 835 616 769 654 809 780 704 805 553 837 628 624 552 598 886 843 595 522 918 655 992 862 621 944 881 969 990 594 939 867 610 742 963 651 674 521 904 619 698 732 602 617 511 622 874 646 605 691 920 983 932 
507 834 653 633 576 974 984 938 1 887 916 866 999 693 731 806 887 0 511 587 617 585 887 683 763 520 529 673 659 607 620 532 875 688 954 696 617 921 671 782 679 739 914 938 831 887 664 817 938 847 730 676 831 666 810 727 660 514 861 819 988 835 828 559 856 981 933 674 617 562 645 941 560 938 580 733 646 688 973 751 881 702 989 852 991 698 975 514 710 791 650 920 721 579 590 510 687 510 581 568 
754 805 566 545 835 762 945 717 577 792 915 507 616 935 860 914 557 921 0 706 523 988 880 764 751 513 743 701 520 667 669 879 846 907 929 813 656 665 712 945 813 802 941 770 713 807 527 822 1 553 522 756 926 770 804 778 602 716 503 898 622 669 899 791 939 583 846 919 884 946 508 887 810 684 937 503 895 937 982 577 742 696 975 840 587 642 928 630 587 770 555 923 594 753 682 965 717 568 515 738 
680 601 573 653 704 783 979 649 991 631 722 543 768 880 895 531 839 658 663 0 882 795 683 935 796 790 934 542 849 590 754 930 770 752 659 867 753 967 956 642 825 700 760 650 817 761 951 882 900 893 818 662 844 893 828 684 760 901 893 826 822 599 863 690 826 729 603 543 821 842 849 648 830 678 774 732 999 895 792 920 836 825 616 816 722 551 563 708 547 960 925 975 522 855 896 647 962 658 786 1 
695 659 584 668 965 634 811 681 701 899 531 644 962 788 870 854 649 707 958 548 0 750 930 984 525 680 648 670 809 631 963 840 552 532 648 680 518 977 871 595 740 611 637 772 804 914 701 900 631 745 898 852 601 772 807 720 1 823 756 984 588 656 661 980 756 680 505 761 502 650 977 911 797 737 537 700 955 945 580 951 724 882 951 833 889 833 795 913 625 824 948 626 828 985 551 516 522 647 848 619 
879 561 517 763 997 615 870 745 961 806 825 523 828 508 864 669 981 998 675 644 664 0 956 500 652 973 915 521 561 858 969 852 942 635 565 902 599 696 881 1 537 546 686 757 716 532 911 567 576 770 923 894 813 835 869 528 966 699 533 511 534 751 649 956 958 629 918 936 942 953 938 835 911 666 756 815 649 528 543 561 907 598 662 704 700 951 712 787 769 502 988 814 721 598 501 641 708 937 925 779 
829 573 804 821 851 714 624 951 579 527 839 698 524 883 997 873 612 816 909 618 895 898 0 531 605 723 842 724 562 803 539 606 936 892 643 769 558 549 576 919 778 830 765 897 978 657 747 836 998 742 1 856 581 934 931 979 628 823 576 605 725 574 935 763 866 914 788 687 904 873 585 644 723 589 767 883 996 713 504 558 574 701 586 908 532 549 737 707 759 730 647 890 900 528 961 962 509 924 959 516 
840 735 1 744 942 521 605 883 997 592 740 811 930 951 612 843 610 540 860 599 983 988 896 0 857 880 918 681 587 749 609 569 809 734 644 524 530 811 573 750 547 837 610 789 692 768 777 535 868 561 743 589 940 523 572 675 551 997 525 831 997 827 826 514 938 890 767 682 762 863 827 683 644 608 568 841 504 778 874 598 678 795 870 838 665 704 807 551 908 715 610 600 784 802 819 649 519 659 624 816 
797 633 720 851 766 802 725 906 648 979 980 670 755 529 614 556 890 724 649 556 900 525 931 790 0 885 706 699 1 636 891 847 936 590 841 767 755 673 950 772 523 751 860 664 866 717 774 653 564 968 681 809 823 987 529 526 730 551 804 916 994 501 588 716 799 566 560 514 626 613 657 919 840 633 843 797 931 589 552 633 728 503 894 876 836 993 929 898 916 567 983 703 977 561 963 799 794 692 545 530 
749 906 699 913 816 739 694 816 768 679 717 985 577 857 552 554 794 586 693 543 900 732 867 915 622 0 510 699 945 935 865 556 786 783 671 516 938 661 768 753 993 878 847 878 777 580 717 662 970 853 829 1 905 619 978 948 922 889 626 702 765 648 908 601 767 545 618 531 987 542 797 606 620 944 797 967 946 527 580 840 513 938 636 577 537 795 570 939 769 651 727 906 859 947 881 761 625 510 713 549 
806 511 745 651 780 531 869 823 570 736 536 738 551 765 605 788 689 601 971 607 879 532 743 576 643 670 0 745 843 524 907 734 646 789 1 980 623 865 747 947 788 515 793 689 512 899 529 838 860 943 802 966 756 569 739 963 627 529 583 739 711 955 512 787 822 971 785 715 687 625 679 847 972 723 568 529 839 658 899 617 945 842 928 518 675 875 989 903 973 725 620 675 686 855 883 509 501 712 926 741 
937 826 671 860 520 992 727 559 654 663 726 695 634 638 905 959 855 868 717 635 780 576 971 630 598 711 919 0 736 866 972 790 571 647 693 836 500 603 709 520 608 906 532 803 540 705 915 907 510 976 993 552 747 829 648 1 807 641 988 766 812 654 931 943 896 797 697 922 601 759 907 750 562 586 707 505 816 988 618 912 866 718 854 645 555 580 955 704 507 519 858 949 557 653 522 669 860 585 531 640 
536 662 872 828 761 994 748 721 603 843 993 682 584 858 650 785 615 761 552 720 857 614 804 611 927 623 767 750 0 560 733 695 646 785 837 757 764 875 914 792 962 941 576 758 559 623 1 938 571 818 799 695 776 798 500 831 840 834 995 700 519 595 964 744 777 912 656 619 781 859 762 527 817 893 541 916 554 596 709 722 796 790 607 820 539 941 905 783 873 862 811 716 736 702 723 767 641 641 974 637 
578 566 535 545 882 657 848 763 878 709 677 721 816 625 709 860 736 922 927 527 746 734 581 599 793 584 628 631 705 0 560 709 675 557 750 748 637 736 559 506 731 577 825 866 880 866 581 685 805 621 778 716 956 958 680 685 521 638 790 553 830 910 905 991 613 849 875 806 632 899 845 974 712 922 965 732 699 962 900 995 869 709 924 947 1 826 510 809 639 895 619 513 614 607 676 525 631 814 912 731 
785 832 941 531 947 820 776 783 693 949 887 618 891 544 900 892 680 733 929 683 531 593 779 549 839 637 593 670 914 528 0 645 865 881 507 680 660 575 749 635 780 995 947 526 631 583 570 571 664 683 980 521 949 907 714 835 588 583 879 623 820 785 847 659 776 552 727 595 678 751 640 740 882 877 779 549 1 745 639 589 546 911 791 502 709 854 807 938 558 760 978 943 557 691 871 501 986 846 984 904 
545 725 533 766 701 654 542 644 623 742 979 665 982 903 508 616 647 540 581 520 703 594 970 694 962 658 908 511 773 790 599 0 544 572 644 500 998 689 979 839 999 729 560 890 755 820 948 546 739 509 925 906 750 668 514 505 850 847 881 618 974 924 648 636 738 633 805 720 967 727 695 970 914 705 781 548 551 509 706 871 923 765 773 979 503 544 860 890 1 932 609 637 545 511 694 622 592 558 834 887 
890 862 956 901 932 959 832 797 942 548 500 823 556 964 657 573 768 611 668 971 772 804 792 733 653 739 614 842 893 928 985 908 0 798 842 879 845 987 907 597 993 520 633 919 579 905 710 872 794 636 857 709 528 794 728 636 554 525 543 529 1 936 663 636 995 691 652 975 565 525 917 516 688 852 929 934 575 632 675 717 904 544 895 516 630 714 976 583 944 578 971 642 618 655 890 521 736 886 931 530 
534 744 780 833 718 582 955 979 966 683 594 594 673 951 988 900 781 660 860 811 815 635 872 966 770 560 639 603 719 770 603 577 823 0 802 1 892 519 958 771 927 548 660 980 650 599 657 849 978 980 648 788 939 567 620 840 569 548 661 988 790 584 699 705 791 958 792 580 674 812 597 629 505 919 765 745 838 769 875 876 910 744 633 575 951 585 878 554 690 512 876 842 895 720 526 843 690 979 802 693 
638 807 751 994 595 776 911 521 500 582 768 871 1 960 757 578 668 723 648 895 550 965 926 976 664 793 895 675 867 983 824 879 752 785 0 531 625 566 509 634 540 594 868 713 505 627 521 602 877 980 614 838 708 709 715 831 652 583 780 780 957 521 777 590 739 772 843 693 638 854 770 754 877 734 906 673 747 532 754 853 927 845 779 841 978 618 907 975 740 927 977 948 963 898 898 791 717 522 803 842 
798 614 814 919 737 766 551 888 895 1 944 579 582 834 588 961 945 986 805 634 677 996 600 536 747 511 906 745 849 554 766 729 896 782 982 0 545 564 657 713 531 979 702 782 594 964 647 798 920 667 777 628 659 783 510 834 642 684 727 780 995 891 737 505 530 676 944 570 895 638 640 519 989 819 684 797 659 658 832 526 725 638 578 824 740 849 901 945 898 787 731 653 584 762 850 902 866 998 866 824 
727 646 601 709 895 929 631 620 810 512 909 550 785 709 938 578 963 949 754 926 618 843 863 844 730 631 904 947 944 951 697 703 1 945 982 606 0 892 559 781 564 671 605 518 804 862 940 589 642 846 805 675 738 897 616 662 973 643 554 902 802 561 870 624 713 901 999 865 500 760 916 543 556 549 779 600 538 532 672 638 831 831 942 762 611 592 986 661 934 644 811 733 749 704 531 788 722 611 896 688 
734 944 565 872 681 514 620 562 938 541 588 834 918 643 599 606 590 993 797 732 732 665 946 930 702 626 746 825 503 930 804 938 836 975 736 610 559 0 900 625 888 890 860 524 853 502 815 666 931 556 820 978 555 606 914 706 913 675 926 728 847 628 775 798 655 562 690 827 505 609 949 705 510 724 778 972 566 632 805 969 941 539 931 648 713 741 559 576 879 1 936 892 905 564 800 631 851 828 820 794 
839 987 539 982 640 547 857 1 686 791 966 717 833 933 697 628 930 680 832 672 743 845 729 875 707 771 854 631 655 558 693 859 674 758 536 958 866 994 0 981 626 868 988 598 722 665 933 507 580 528 620 561 729 725 547 720 747 595 886 804 818 838 568 774 736 874 590 582 890 985 787 992 771 861 878 568 511 567 670 751 930 869 908 953 937 877 787 841 778 879 833 864 671 771 570 938 896 893 686 914 
798 580 693 741 581 909 914 602 562 926 990 897 542 677 570 922 786 511 871 681 523 759 631 861 820 952 713 886 912 765 947 920 945 966 799 869 746 644 844 0 595 841 878 1 864 782 698 998 954 545 980 734 616 979 769 821 858 859 564 831 865 754 546 604 716 985 885 547 554 565 845 735 706 973 931 979 712 592 574 757 639 622 686 512 816 529 515 618 689 556 760 941 715 588 734 938 526 660 929 864 
544 703 985 739 965 974 625 853 582 695 665 959 511 676 507 793 715 565 713 723 868 541 774 999 965 653 995 636 965 879 880 766 734 890 767 549 534 607 849 840 0 893 964 640 507 519 737 554 576 621 883 889 639 740 908 724 901 1 974 921 659 983 938 515 709 660 825 788 777 790 701 873 970 573 573 855 797 627 619 679 919 865 863 937 719 634 631 660 640 975 954 945 710 518 520 575 701 563 880 524 
582 673 992 639 890 587 812 566 510 995 683 934 933 675 666 801 830 708 771 828 902 867 613 535 566 708 554 915 722 682 859 679 780 939 744 538 976 767 1 648 986 0 839 912 623 914 952 880 755 657 723 911 883 792 851 951 535 898 843 676 703 904 717 971 584 589 984 505 722 768 683 658 986 952 551 960 847 698 767 663 957 659 831 730 941 679 870 693 860 919 952 514 535 871 761 971 736 550 920 734 
707 890 661 533 756 689 831 793 749 569 601 809 655 961 639 927 963 569 692 734 819 817 728 784 651 523 561 576 698 917 891 992 578 670 845 757 765 988 562 824 1 507 0 765 685 610 919 821 787 703 560 706 950 640 899 961 649 923 648 998 764 587 786 916 999 909 948 814 974 654 754 590 513 746 840 859 855 530 764 620 910 947 662 987 561 586 549 884 782 684 830 539 949 775 852 625 923 906 620 924 
717 742 546 513 803 835 681 620 640 619 944 607 624 770 965 820 560 614 576 981 503 825 813 521 902 821 776 941 964 904 814 972 613 998 765 812 516 789 820 539 570 728 636 0 952 844 880 503 564 546 523 928 739 528 758 589 739 640 626 702 639 889 587 822 785 694 542 778 696 738 645 558 841 976 1 876 821 743 877 634 843 572 614 652 764 665 923 514 681 606 810 700 952 755 627 960 716 604 678 950 
643 970 764 731 673 791 869 715 707 773 553 652 954 948 855 521 607 545 712 873 516 624 812 909 616 726 721 868 928 740 553 740 602 915 657 691 895 537 700 554 922 998 760 915 0 740 712 686 806 791 805 609 856 663 762 833 995 687 986 715 850 789 809 960 669 881 675 592 875 696 949 608 792 886 781 707 578 577 643 926 847 557 577 967 788 530 873 565 966 525 546 819 654 1 711 854 965 616 640 561 
765 804 515 888 510 567 580 989 908 734 554 856 554 946 505 572 786 538 636 839 515 990 739 715 848 508 803 812 999 714 827 636 558 1 647 685 967 825 737 790 627 783 779 919 932 0 860 904 538 528 547 779 660 850 694 625 705 617 981 552 818 871 561 988 669 611 753 890 535 780 500 553 614 930 611 588 580 684 972 615 832 599 515 802 892 746 577 564 789 671 860 914 728 634 696 638 697 606 728 891 
718 916 812 835 945 781 798 533 619 752 938 774 798 624 645 638 906 867 891 964 645 675 853 525 621 960 718 607 631 841 981 967 869 776 948 577 827 683 612 680 783 528 770 797 597 857 0 614 794 699 934 543 692 946 933 647 966 773 652 797 981 802 818 540 780 512 571 966 725 893 1 890 587 601 813 872 987 631 708 788 750 951 863 871 757 769 794 874 564 518 695 863 945 500 594 654 968 797 570 784 
672 937 697 792 501 533 574 676 726 826 543 683 543 941 809 897 763 725 964 902 935 686 996 765 535 561 710 582 971 594 861 735 782 797 552 665 603 818 668 589 912 812 760 621 932 798 981 0 690 670 918 897 609 992 922 928 699 670 987 609 836 511 916 999 1 951 996 875 805 715 610 767 637 786 819 769 509 665 622 558 946 553 600 731 920 870 541 654 801 607 739 630 861 842 786 564 805 594 766 950 
784 983 614 930 690 892 786 636 564 938 828 861 873 685 503 808 861 937 908 903 519 983 550 971 788 875 929 509 879 668 952 701 899 647 949 941 966 713 957 519 956 580 573 813 655 986 631 886 0 587 517 691 526 793 903 999 898 578 986 617 674 654 821 840 588 686 521 837 549 611 826 777 584 821 950 544 671 900 556 821 639 1 731 617 912 719 950 618 921 754 800 629 702 961 781 860 967 592 767 738 
506 930 963 796 806 549 952 631 954 504 743 964 905 584 774 739 776 612 814 775 635 765 700 874 629 902 559 779 882 1 728 530 715 827 572 684 505 503 671 919 515 551 626 591 702 986 850 789 863 0 522 553 510 988 994 674 584 797 896 764 952 913 922 765 631 589 850 773 800 756 988 506 963 974 520 926 884 513 954 840 710 764 527 625 856 667 877 739 890 763 842 616 818 848 590 712 517 751 843 585 
724 845 574 693 669 514 865 863 539 777 771 583 635 964 933 842 979 554 895 969 701 590 970 755 618 816 897 743 829 506 754 609 556 743 613 732 774 695 576 813 650 756 718 639 959 539 674 718 885 500 0 611 746 865 691 550 849 781 667 624 889 771 893 1 941 796 778 744 920 625 570 811 599 810 849 902 608 996 728 783 959 661 673 978 846 945 913 804 841 608 858 686 763 663 677 797 557 629 682 723 
772 956 667 576 639 628 791 528 595 556 684 644 514 559 933 503 631 826 989 854 724 661 841 904 868 820 661 862 620 505 567 823 644 668 629 976 1 847 548 590 675 851 718 601 819 791 808 626 559 760 710 0 801 766 842 749 589 624 847 622 540 740 858 949 591 817 560 668 983 728 947 987 751 988 515 838 986 594 861 966 848 669 890 874 565 779 758 680 558 503 644 755 533 795 647 884 611 961 998 526 
561 505 900 660 893 910 837 729 687 546 834 527 732 854 573 913 1 715 682 655 942 526 642 905 507 973 684 708 900 703 591 908 502 696 998 939 748 998 912 723 707 512 677 539 606 852 729 884 567 949 936 891 0 925 904 554 716 623 880 906 593 821 968 778 808 985 831 689 796 560 583 934 715 916 652 613 514 787 525 841 694 566 986 757 962 616 825 883 991 581 534 715 743 971 934 688 966 500 755 578 
899 982 830 796 926 805 954 960 704 999 965 618 592 782 758 586 534 542 901 767 586 521 909 517 982 785 796 529 617 966 980 804 576 989 569 566 991 881 682 822 585 761 658 728 834 638 640 978 973 507 573 667 882 0 779 967 930 758 1 858 596 870 682 909 715 503 678 894 771 863 701 667 621 857 993 718 878 723 576 770 857 737 740 936 958 695 755 904 992 687 667 836 910 533 742 795 771 628 896 900 
908 837 814 714 586 580 864 752 677 628 622 814 831 936 713 655 798 896 784 582 982 941 842 719 931 956 744 858 816 691 552 908 880 834 786 995 718 919 669 745 836 1 553 657 792 676 624 760 956 993 512 579 700 897 0 530 954 678 834 533 562 542 684 645 908 664 918 922 650 636 556 548 635 656 987 577 687 657 980 820 685 963 864 841 852 611 793 594 749 712 973 701 835 694 851 587 786 868 956 786 
582 668 592 586 556 705 859 939 679 792 523 642 885 881 626 961 977 877 542 874 885 645 561 740 980 926 516 543 746 700 724 914 665 598 647 802 620 723 877 860 715 887 867 632 937 895 750 614 918 528 956 527 897 864 763 0 630 831 628 916 908 678 943 799 777 785 710 538 1 861 721 824 743 669 669 843 978 871 808 981 889 754 919 884 845 569 958 507 667 610 711 857 551 648 637 709 973 690 804 735 
674 533 976 829 811 534 586 646 730 857 722 918 903 618 806 780 843 502 775 900 523 905 863 680 563 887 860 945 885 698 549 584 953 903 787 847 772 833 930 566 503 747 974 934 758 850 625 674 533 634 998 598 509 930 569 897 0 548 984 818 755 960 935 544 687 687 960 799 816 853 608 865 934 962 819 507 720 735 918 936 860 795 939 860 987 1 887 847 577 831 970 604 592 815 747 996 629 691 658 940 
776 668 881 568 714 753 859 930 930 865 1 723 972 954 589 517 920 551 609 947 554 663 749 981 840 599 540 595 699 838 539 902 532 655 661 954 998 940 666 927 904 998 909 895 888 546 622 504 727 507 764 959 965 981 889 758 846 0 534 534 825 795 775 682 520 519 596 832 870 546 945 697 665 547 525 748 715 578 585 944 766 772 569 832 853 827 624 882 639 827 521 623 772 807 651 532 618 650 905 853 
730 1 595 990 781 858 561 875 619 872 938 874 707 738 706 505 520 934 900 641 955 946 972 757 993 742 721 948 866 697 851 522 922 810 923 691 527 962 996 746 851 672 866 881 518 754 906 742 925 888 762 941 879 600 611 913 665 607 0 885 646 538 871 998 685 676 562 907 892 994 955 932 508 707 640 615 607 884 699 885 864 842 915 529 975 867 876 878 731 531 788 664 810 555 760 830 703 645 662 963 
919 891 636 946 646 839 626 653 786 756 762 963 799 885 525 578 885 730 979 633 675 659 648 861 629 720 553 639 996 526 698 842 542 858 822 851 500 668 813 535 910 600 955 744 754 820 752 668 801 793 976 851 628 677 910 612 818 622 970 0 556 703 538 646 784 988 834 892 861 746 593 821 601 709 577 748 779 1 529 702 883 983 676 696 658 603 613 712 862 865 553 594 999 545 601 730 785 918 800 750 
625 788 685 665 643 861 542 764 574 652 699 514 880 537 662 523 664 532 792 1 631 558 532 838 587 758 923 882 735 506 588 986 563 961 718 723 794 609 613 781 663 962 770 531 931 717 844 820 999 783 700 889 673 642 648 881 847 746 784 554 0 867 834 657 701 546 910 912 518 626 742 523 691 556 548 803 659 626 578 702 663 881 647 583 611 711 644 613 928 896 701 768 631 831 645 592 622 764 903 889 
938 602 542 995 535 691 800 648 897 935 869 959 553 627 610 504 993 954 684 818 698 735 954 620 543 626 708 765 738 608 988 742 795 814 763 687 885 557 500 659 937 602 984 820 674 537 530 727 910 668 827 812 828 722 614 767 747 857 582 867 528 0 505 996 656 757 683 792 660 588 863 901 586 862 882 949 593 949 579 720 532 850 712 632 943 653 1 933 581 623 747 859 759 802 981 609 934 624 588 566 
981 585 699 531 963 782 583 871 989 775 605 971 827 953 563 511 902 922 919 847 918 720 785 791 741 796 582 785 644 680 761 768 988 619 630 642 638 916 814 755 849 623 791 885 605 983 892 897 734 611 989 971 726 808 609 559 788 671 817 517 666 573 0 927 570 690 578 883 765 937 836 942 864 708 801 884 704 861 592 956 748 558 539 924 843 841 617 550 962 749 654 754 724 596 847 773 1 578 732 968 
649 673 702 779 774 588 643 938 877 930 536 986 930 816 886 579 725 500 1 993 752 987 914 610 584 870 630 988 647 581 534 540 858 999 518 722 921 714 550 792 960 754 591 502 519 650 749 900 774 889 573 501 909 743 611 906 703 985 530 795 706 919 891 0 546 824 785 848 983 766 729 569 893 872 965 993 833 997 868 912 509 953 918 942 659 778 573 824 645 526 528 503 923 797 763 836 568 602 857 960 
980 968 915 625 982 703 973 655 590 958 675 990 560 956 670 678 589 518 653 958 726 676 735 797 627 736 986 712 600 618 710 762 552 551 765 573 591 955 571 903 762 913 587 755 787 837 633 659 726 714 790 744 713 791 670 592 575 736 564 981 812 738 861 722 0 684 579 626 515 613 513 604 570 556 554 992 832 599 749 651 544 699 888 525 646 837 697 1 717 804 972 589 871 650 971 756 988 682 709 776 
543 906 993 503 884 769 606 541 961 689 740 909 624 819 734 973 625 528 859 796 502 793 713 1 551 831 676 704 640 969 604 628 650 991 642 620 506 699 608 779 837 879 945 897 549 719 543 815 653 916 985 520 604 930 825 881 868 735 639 606 679 914 988 525 787 0 947 705 587 938 981 716 917 837 534 554 545 770 586 816 527 885 947 751 555 983 984 770 998 531 550 582 665 515 680 914 689 715 752 870 
604 829 972 899 828 796 998 661 996 590 784 551 701 642 535 780 615 552 795 547 853 520 956 526 609 829 508 941 745 610 913 533 531 812 958 536 648 675 670 991 938 547 814 978 516 783 941 945 687 793 958 573 862 550 648 883 778 745 689 905 628 587 949 942 577 989 0 819 675 893 853 596 675 935 964 879 965 541 801 805 774 671 796 913 807 810 545 996 708 516 668 747 598 759 987 1 564 733 985 834 
840 538 623 631 935 976 693 868 866 703 604 875 975 527 791 560 605 841 831 590 527 600 732 815 925 722 649 642 540 694 953 687 644 852 536 846 613 743 826 756 911 515 626 955 716 876 883 912 787 875 977 876 534 652 918 880 581 648 873 719 838 754 771 843 598 654 709 0 938 726 774 774 831 759 933 562 953 872 777 973 937 669 787 909 840 854 506 539 823 894 907 577 571 606 657 505 805 582 1 998 
892 810 540 695 766 859 968 638 592 792 977 996 865 904 1 979 559 822 605 921 563 857 640 798 559 543 777 825 529 625 837 854 886 836 601 928 676 829 789 958 874 620 974 711 639 711 700 650 566 788 833 526 757 613 782 626 515 691 527 621 700 557 777 961 757 762 501 761 0 642 735 868 839 753 820 983 604 644 731 896 931 623 938 646 812 511 822 599 753 527 848 732 664 862 968 766 772 517 718 676 
1 731 681 800 557 811 539 852 997 614 547 899 841 975 885 649 929 928 852 659 631 791 931 967 793 561 862 752 899 962 669 847 891 911 813 566 851 898 654 906 968 521 775 953 869 742 517 840 967 677 532 648 554 518 623 780 646 907 501 943 997 988 562 736 868 911 633 774 526 0 627 561 579 564 700 803 885 999 547 590 569 520 908 841 540 665 990 542 727 618 636 799 986 803 755 707 721 521 707 560 
547 657 578 944 729 952 551 931 816 597 740 715 675 766 725 903 779 762 606 842 880 780 979 960 725 864 614 826 601 967 773 827 770 824 643 939 583 746 966 976 981 970 604 773 558 863 955 975 871 685 505 820 560 998 508 610 746 628 607 804 652 788 799 996 807 857 758 533 717 1 0 758 849 741 656 846 704 810 510 530 732 654 567 580 736 685 827 576 619 751 765 556 905 506 601 773 737 577 729 919 
695 879 985 799 695 668 915 896 908 511 854 675 942 516 704 832 553 741 819 526 878 844 800 919 829 960 738 734 961 869 831 862 517 873 802 584 648 834 848 916 912 886 949 833 661 734 835 763 516 935 870 707 771 683 1 710 539 756 799 586 809 599 952 750 955 812 864 621 506 606 699 0 815 670 937 542 720 794 636 600 826 846 599 564 902 519 766 627 782 892 948 697 538 612 954 575 769 993 814 643 
743 813 885 1 661 620 982 641 709 528 858 960 961 656 933 505 563 705 713 649 843 720 583 566 545 942 951 821 777 774 817 730 537 615 846 933 754 806 512 693 835 747 571 735 684 761 861 609 667 773 997 979 973 623 581 947 735 955 705 745 723 879 904 979 555 882 978 932 810 690 511 540 0 899 503 600 848 955 636 712 680 961 615 786 672 516 512 566 669 985 948 582 893 952 940 579 617 790 789 921 
544 581 806 844 905 872 985 805 972 965 972 713 982 598 720 836 533 688 977 998 922 975 1 944 557 878 936 506 697 630 816 506 887 603 548 705 736 659 968 965 890 540 546 923 615 897 967 570 642 561 784 966 544 655 863 895 750 674 685 914 629 877 624 638 758 639 534 739 825 515 785 525 727 0 714 670 668 571 698 892 597 774 894 798 720 505 975 825 716 860 708 673 741 758 809 772 541 656 867 564 
571 776 912 774 984 858 929 663 904 762 902 524 913 609 861 906 522 943 591 579 787 886 880 809 565 796 682 980 735 818 641 684 852 549 767 937 707 612 991 650 901 856 688 614 633 908 616 602 635 952 574 508 820 912 586 685 913 871 739 937 731 803 507 824 818 760 667 941 674 820 617 784 516 697 0 777 682 878 771 748 1 519 570 552 685 854 639 965 808 505 531 616 774 957 905 991 597 825 613 852 
755 853 955 724 642 846 997 572 992 683 901 646 609 935 871 698 580 934 727 631 887 793 804 838 723 903 960 846 687 782 1 603 857 959 560 666 507 598 721 733 621 546 919 832 777 797 609 759 715 991 939 530 582 610 715 524 772 691 589 760 574 559 566 732 965 893 676 916 862 648 539 653 880 660 712 0 651 555 723 763 736 785 762 932 940 625 874 614 931 890 821 759 533 617 766 717 870 687 858 559 
741 510 940 904 691 981 500 616 955 928 695 776 672 875 891 621 591 740 671 766 553 823 603 611 521 769 682 894 973 541 807 928 823 832 942 581 520 689 824 949 676 549 571 674 835 667 994 527 928 690 772 692 657 858 875 749 876 738 611 953 825 801 680 587 873 504 1 572 543 875 917 680 885 615 946 784 0 642 963 558 549 999 573 713 762 533 736 705 920 666 892 693 754 591 622 505 645 690 949 625 
694 644 583 890 784 960 557 713 770 856 863 671 924 976 995 506 670 573 951 711 649 607 523 596 898 831 865 941 922 520 869 606 636 736 737 932 791 880 814 886 955 962 809 775 703 719 740 827 534 665 810 883 623 802 866 557 835 656 669 908 661 545 682 664 976 931 766 587 837 616 885 566 957 735 839 572 583 0 800 1 636 939 626 941 581 554 745 670 538 994 962 830 880 763 743 957 661 788 955 721 
887 775 878 687 522 867 507 836 615 680 683 571 850 554 936 653 606 795 546 703 1 612 689 912 719 839 760 662 749 842 898 998 587 712 736 948 701 633 815 513 955 525 772 768 812 586 806 765 526 610 854 641 573 835 862 863 594 770 857 788 906 660 936 517 888 917 835 931 775 547 646 672 913 602 890 717 690 766 0 924 797 605 814 909 639 886 833 657 776 972 603 578 504 605 849 908 503 885 706 575 
554 852 633 833 1 617 696 707 578 672 524 918 741 986 832 803 691 816 580 601 854 894 899 779 530 931 748 766 575 619 602 912 715 924 735 615 726 954 743 829 686 770 738 589 522 606 691 748 591 851 598 598 710 976 953 796 838 643 515 611 570 502 869 746 875 892 653 980 931 557 994 677 555 536 666 621 911 641 660 0 864 783 584 809 789 719 857 726 948 576 881 748 822 746 581 705 925 845 710 851 
601 580 530 517 511 767 683 523 913 556 662 823 531 761 758 667 529 576 898 965 613 779 685 821 555 577 797 987 781 791 524 729 713 648 672 769 512 610 726 828 633 986 626 719 649 655 673 730 910 988 951 607 906 788 931 897 651 790 574 561 745 979 865 543 889 600 948 1 718 938 660 539 649 724 588 556 517 866 553 772 0 753 868 767 983 546 951 992 504 906 774 643 575 683 686 541 777 788 510 690 
823 577 725 775 719 979 862 585 523 773 698 550 744 821 978 871 714 834 608 774 538 586 532 761 776 597 668 944 572 675 740 657 853 651 917 699 648 704 968 501 615 647 623 968 546 939 717 995 648 547 935 967 930 834 832 712 681 781 877 639 898 892 789 778 735 775 503 730 986 730 839 952 1 729 553 516 881 754 962 994 836 0 611 975 626 990 895 686 535 977 521 948 924 884 830 682 689 690 769 742 
705 765 948 882 841 937 897 647 904 507 810 987 905 854 739 997 503 517 803 539 619 893 898 970 737 646 710 534 769 829 828 513 885 712 775 809 693 646 964 814 774 603 1 510 923 976 783 813 534 831 570 509 996 540 640 747 709 825 599 669 959 809 646 759 949 961 974 996 823 973 786 914 633 965 844 906 970 515 567 739 863 928 0 638 791 649 983 883 527 528 811 730 899 886 682 657 721 905 995 737 
856 804 645 783 598 953 949 660 640 879 885 887 666 563 548 709 542 547 578 767 965 754 885 537 909 924 1 834 507 585 554 997 784 640 703 671 892 654 882 578 779 921 638 762 979 557 723 743 700 666 740 604 539 732 804 723 914 794 964 549 696 685 818 866 565 882 534 657 630 613 658 766 775 718 693 546 618 628 793 671 876 849 577 0 826 503 808 738 921 850 667 990 722 842 577 676 526 589 847 910 
667 769 632 956 603 608 811 819 557 691 542 530 973 670 605 766 652 1 504 965 546 709 501 777 653 739 610 658 979 850 995 605 544 573 941 964 549 975 792 999 725 550 747 806 646 779 589 771 596 903 894 959 883 996 881 872 694 856 847 537 533 544 982 577 563 705 927 694 781 875 892 590 624 654 725 814 554 921 527 715 720 820 720 686 0 979 590 935 907 529 941 924 625 683 537 783 578 666 851 826 
774 514 928 608 531 947 584 601 956 671 991 816 654 906 819 786 996 622 508 870 791 518 561 569 882 1 711 566 865 587 849 538 836 709 926 963 735 630 860 540 721 511 946 875 945 664 561 618 631 905 792 967 748 852 641 866 692 692 809 949 713 971 804 691 641 941 538 994 826 521 818 877 521 530 968 922 920 847 829 569 958 831 600 909 973 0 645 986 999 724 963 755 962 507 678 707 982 999 526 895 
669 871 688 661 920 640 770 708 946 934 815 897 640 684 977 543 813 731 607 981 777 976 963 982 777 574 628 980 634 971 589 649 992 650 583 943 981 819 550 650 559 708 552 731 630 755 730 562 983 529 959 793 598 765 939 889 956 707 581 637 706 713 845 505 670 528 938 774 760 704 819 866 640 517 630 784 514 606 822 775 938 660 614 809 500 876 0 899 556 673 1 509 967 784 765 591 866 896 657 609 
502 517 864 719 789 705 918 881 920 503 920 906 532 708 543 606 796 678 815 652 771 768 850 848 538 828 916 534 812 669 820 523 621 505 780 514 914 992 954 656 847 574 543 533 621 630 731 784 871 664 535 509 775 979 760 861 509 976 616 738 543 678 537 966 989 983 858 863 838 539 674 613 968 1 630 843 844 595 603 764 693 702 793 870 987 728 931 0 606 573 537 586 820 596 503 937 852 904 790 504 
682 815 899 574 766 629 598 717 641 651 877 836 734 548 909 603 676 763 751 639 821 867 724 655 699 786 595 944 510 571 504 932 932 599 843 869 925 980 530 732 567 625 856 802 505 874 907 855 683 860 950 738 980 989 664 933 900 665 547 641 897 969 705 632 900 818 640 843 800 981 866 959 896 643 710 555 955 664 898 775 810 833 810 529 705 903 773 785 0 870 910 635 581 815 1 623 662 506 850 998 
857 848 786 889 854 1 667 641 590 987 922 777 929 961 866 894 866 589 799 643 596 773 776 538 695 573 910 755 712 567 825 557 690 973 753 679 869 504 991 870 637 568 896 816 732 676 667 872 753 844 975 698 604 582 875 857 688 883 913 650 789 911 554 660 511 719 740 897 664 771 799 808 920 831 945 895 571 736 569 961 614 998 692 958 655 972 871 840 771 0 773 850 659 760 712 625 711 512 790 684 
529 735 881 561 620 573 761 759 703 892 821 955 945 567 815 842 628 659 668 609 610 605 610 725 626 847 888 659 536 908 926 564 673 634 827 631 842 961 908 500 838 974 602 653 519 723 927 988 642 974 961 660 700 1 512 829 927 701 595 643 597 500 535 735 943 901 720 664 977 642 753 545 682 788 743 636 616 772 781 676 578 695 547 876 898 896 713 671 502 973 0 748 953 982 999 717 844 569 736 901 
665 506 560 924 853 554 792 705 591 639 954 839 864 539 809 911 790 991 858 751 599 684 513 779 842 805 938 803 748 594 679 821 936 813 962 729 930 862 645 675 562 885 826 659 909 941 678 968 573 772 534 680 517 627 656 953 720 604 512 679 587 875 938 840 747 1 953 788 530 930 627 825 849 986 951 775 542 629 701 963 509 789 544 550 704 929 610 617 949 723 910 0 967 604 502 634 983 697 703 668 
624 790 702 870 640 625 778 639 841 953 941 833 863 862 969 733 911 694 901 807 500 773 580 967 668 741 945 965 682 855 730 588 823 749 647 934 807 977 636 543 854 640 763 792 621 645 789 741 972 989 827 659 941 982 625 900 790 616 726 612 903 1 856 528 828 577 979 514 555 593 645 949 719 780 762 585 524 965 737 927 549 934 935 654 740 542 682 844 577 638 675 967 0 936 988 935 657 658 500 828 
828 939 894 640 581 546 829 870 752 708 554 860 879 770 592 997 615 778 608 537 640 809 743 951 671 649 587 635 950 586 515 829 739 815 655 510 850 992 523 715 969 726 800 739 775 1 665 738 728 618 973 688 571 826 722 810 962 997 922 977 708 913 542 958 563 524 652 707 657 640 913 865 972 717 924 541 672 703 859 629 541 665 736 915 590 976 572 833 966 732 832 665 531 0 997 653 591 800 518 781 
587 697 720 764 896 993 877 657 708 553 988 967 641 936 874 549 863 517 751 986 590 733 783 817 627 742 763 1 561 618 735 939 961 935 903 816 625 552 995 752 513 955 512 637 740 862 685 848 524 999 770 861 779 705 649 773 826 921 587 881 622 838 721 857 553 990 900 929 939 781 579 863 875 749 985 644 866 511 659 509 798 856 735 908 643 888 971 609 635 793 861 767 792 594 0 656 923 537 931 905 
779 574 640 735 708 920 796 893 918 825 791 867 529 896 557 908 781 566 976 795 804 885 814 812 813 870 983 607 605 547 777 1 989 674 665 981 778 949 719 901 857 622 674 714 943 879 742 515 626 992 883 984 591 630 671 814 686 648 681 514 544 611 669 758 520 739 776 817 702 570 996 961 814 638 728 639 864 535 898 630 693 829 615 516 744 523 781 578 772 806 676 542 803 763 598 0 784 732 525 541 
786 994 926 959 909 812 800 506 658 846 835 938 782 842 978 606 879 569 679 751 579 797 881 585 698 606 877 693 740 817 813 964 972 773 933 777 905 669 608 910 844 691 644 517 991 567 729 1 897 513 528 582 611 550 531 506 731 770 974 918 867 794 793 989 868 744 629 789 877 927 650 625 788 723 593 516 721 970 552 634 511 681 767 741 876 674 974 908 960 710 801 992 621 636 919 748 0 769 864 912 
872 753 767 710 524 839 684 915 742 772 732 802 865 849 899 755 829 751 871 677 792 753 962 751 799 994 899 666 658 804 978 607 654 585 897 684 597 748 728 646 872 936 773 559 581 765 669 589 505 700 915 996 752 959 575 575 536 785 835 962 645 840 509 917 722 572 861 737 589 627 722 526 741 740 621 947 757 866 591 797 822 651 527 1 897 981 751 659 699 896 716 588 762 673 806 643 573 0 832 626 
799 877 705 743 882 690 606 979 762 833 673 579 595 651 916 875 990 684 699 832 589 587 681 729 774 949 836 868 609 846 655 905 664 843 670 941 598 702 589 781 513 921 636 823 766 537 591 962 713 899 850 970 561 576 626 883 538 683 500 691 831 765 570 826 791 801 588 986 828 838 796 601 951 829 727 1 602 827 888 913 505 808 934 935 513 648 613 706 618 754 742 939 508 811 690 617 541 701 0 861 
545 730 630 724 819 755 684 929 997 581 934 502 881 681 961 898 977 675 568 627 730 780 548 697 972 904 540 653 621 508 949 585 879 809 804 581 813 1 856 730 522 929 986 951 607 569 652 534 567 747 651 517 826 831 615 597 927 553 635 676 680 917 763 759 975 776 587 976 925 803 528 778 591 986 530 961 562 785 940 762 734 958 958 553 827 764 709 919 779 993 777 675 564 689 569 519 609 512 565 0 
