0	127	213	246	149	280	265	178	102	108	256	160	189	160	118	168	259	142	156	100	149	118	251	270	155	126	243	216	197	171	225	268	160	115	183	120	174	281	269	205	284	148	141	229	252	117	228	182	107	211	165	127	213	124	175	126	180	282	183	108	256	231	152	294	184	215	198	233	222	265	139	120	1	225	185	189	268	293	173	210	156	186	229	163	159	154	224	234	255	188	227	261	245	201	269	144	163	294	160	123	
146	0	123	223	185	154	102	175	244	104	165	222	223	153	183	224	170	181	141	249	260	135	242	293	184	129	252	282	294	172	190	207	196	180	283	110	201	298	209	204	287	164	192	210	195	175	117	148	137	157	288	198	200	201	158	127	176	118	284	221	115	271	105	296	111	250	182	219	135	166	292	196	288	244	130	277	183	194	282	219	237	281	159	236	108	152	262	102	272	137	197	258	1	226	172	271	128	134	127	282	
101	250	0	221	211	133	172	216	187	154	156	209	218	289	175	279	286	289	184	124	101	134	223	148	139	181	166	235	143	292	190	290	184	192	217	238	189	217	160	109	281	206	148	221	181	1	241	267	136	190	255	277	202	285	106	229	262	298	114	298	213	165	197	292	159	155	119	228	213	224	252	294	266	127	204	212	240	185	293	128	166	245	175	229	111	185	160	267	190	126	119	157	253	113	110	209	285	291	153	155	
120	143	276	0	278	138	211	224	200	254	213	125	193	181	107	252	208	169	135	139	290	128	101	268	240	123	123	167	179	286	252	115	239	226	144	292	113	294	292	134	175	181	161	207	194	176	140	107	250	284	185	169	215	190	133	163	111	163	231	171	192	180	113	104	100	247	297	264	228	161	150	119	123	127	234	262	256	235	211	231	175	275	125	212	1	198	240	152	165	248	289	229	252	189	295	276	173	194	261	140	
290	247	191	297	0	137	184	266	238	166	251	269	189	298	132	118	234	152	163	202	256	272	287	229	243	290	157	114	253	128	144	152	292	216	172	121	208	205	126	271	154	161	291	189	128	281	161	168	102	205	170	113	278	146	284	231	288	254	190	125	164	264	214	134	244	161	197	176	247	275	107	156	176	196	295	113	173	175	127	143	163	279	198	239	271	297	227	268	1	189	206	141	104	232	229	203	168	170	173	234	
115	223	284	245	131	0	123	139	218	248	247	130	263	295	219	163	128	167	279	104	223	150	146	120	158	170	102	124	123	260	254	280	169	207	276	149	207	207	155	252	223	140	246	245	205	157	284	173	145	289	281	142	276	120	186	248	243	225	268	117	219	149	161	267	161	1	192	162	292	184	296	157	106	253	217	237	228	249	294	161	230	225	171	274	215	249	152	259	185	174	167	166	270	117	104	232	231	193	197	223	
138	138	140	186	104	288	0	130	230	199	262	214	194	195	1	273	176	116	197	256	220	108	280	203	272	247	265	246	206	135	295	241	223	164	193	261	192	180	121	174	164	252	218	240	148	243	230	295	292	295	128	215	223	239	281	204	138	284	294	271	286	293	270	182	199	246	296	199	289	171	147	129	203	150	232	206	252	187	162	153	161	125	158	104	176	151	205	142	287	297	158	256	142	260	168	113	251	140	238	141	
116	161	147	166	230	114	140	0	135	116	271	149	138	244	184	299	120	188	208	201	109	282	160	118	212	280	249	140	175	118	258	180	115	290	218	140	107	194	266	242	236	1	298	162	128	265	230	243	154	110	221	224	284	112	254	131	208	147	288	212	226	190	268	199	110	153	217	179	251	291	196	102	123	290	169	230	190	172	266	210	226	290	131	223	201	269	176	215	127	280	268	276	175	245	191	187	265	219	234	123	
105	245	130	172	271	206	119	180	0	183	225	272	156	125	269	125	186	127	149	297	200	182	229	106	185	177	184	206	100	280	199	163	153	243	132	130	176	189	148	217	201	208	131	165	270	166	178	297	212	177	299	133	280	160	269	1	247	174	155	172	230	216	262	254	224	267	251	135	254	240	151	171	120	198	215	211	234	202	205	297	106	252	220	200	229	257	292	290	225	249	201	159	269	189	166	288	293	287	231	197	
130	213	228	273	294	195	201	240	293	0	100	194	153	199	149	180	142	154	166	191	261	204	133	271	131	197	113	194	1	251	201	292	105	232	215	222	126	230	284	101	247	163	224	222	102	287	198	231	148	258	146	273	274	195	184	290	226	267	155	198	239	223	222	286	189	236	186	129	111	261	277	126	147	145	187	196	132	264	236	136	180	115	242	158	124	299	100	283	289	297	260	143	133	117	274	152	239	274	107	193	
247	143	266	289	123	273	192	240	287	131	0	131	253	284	112	225	114	112	143	255	185	205	276	202	120	217	248	289	247	282	151	277	275	147	223	102	123	112	216	220	159	186	199	119	264	199	236	211	226	281	140	147	238	185	185	264	221	104	212	143	127	226	221	173	289	127	217	143	213	111	219	234	124	202	189	131	230	249	141	237	297	1	133	229	128	193	298	179	187	134	134	271	172	275	297	286	210	271	266	216	
174	253	196	126	283	242	172	117	178	214	158	0	290	283	157	127	281	249	185	133	158	108	126	210	287	114	201	112	284	263	158	198	204	192	292	160	269	120	271	134	144	226	139	171	238	173	103	1	203	213	149	116	118	110	285	171	170	236	241	228	276	126	232	112	256	248	186	164	267	216	205	151	159	128	138	200	191	186	159	252	199	162	274	292	214	293	134	262	107	143	293	154	209	106	147	285	209	250	170	162	
170	262	103	204	192	105	281	216	198	174	217	199	0	145	226	250	218	170	179	183	222	167	103	243	127	152	183	193	288	225	1	232	144	160	278	243	248	277	121	187	225	257	133	217	139	220	274	107	177	239	246	154	280	275	200	150	245	204	298	159	222	173	204	273	296	241	132	130	288	251	212	220	142	195	276	146	260	206	254	128	140	288	161	203	111	137	117	250	146	129	221	104	226	297	299	231	168	224	173	211	
280	174	125	296	179	1	174	288	229	225	250	165	105	0	114	185	239	256	214	275	163	200	228	295	105	289	233	244	288	275	201	292	288	251	234	169	163	220	206	183	161	170	243	265	110	114	104	144	146	102	278	254	286	133	272	145	174	206	121	115	231	108	257	278	165	269	227	108	241	165	270	108	287	192	246	297	184	109	214	164	152	166	285	266	125	195	250	113	162	214	109	115	296	225	203	269	288	195	149	130	
239	154	174	256	230	163	143	244	173	125	217	225	252	107	0	238	275	270	200	197	218	162	180	256	250	231	109	259	279	211	241	132	206	144	119	241	167	204	142	298	207	235	101	228	225	123	226	127	196	212	182	245	176	194	237	280	162	232	291	270	1	267	194	147	165	216	113	228	229	283	286	171	229	261	195	204	218	192	198	203	258	187	219	279	263	189	141	239	264	143	153	200	194	291	155	288	163	115	106	114	
135	207	174	294	211	231	258	100	207	113	204	165	297	183	106	0	279	228	280	151	131	280	185	242	108	227	136	103	165	180	197	279	167	168	134	123	183	286	165	214	233	117	263	1	211	189	108	110	287	194	247	167	206	213	105	266	142	230	110	203	256	252	267	220	104	220	257	136	186	104	131	107	269	166	185	261	191	249	231	285	117	166	221	146	205	245	243	245	162	223	208	154	147	222	159	117	153	152	119	266	
242	277	118	189	295	176	137	223	134	147	130	282	165	234	135	276	0	124	210	123	199	205	178	139	193	131	143	103	159	292	134	210	172	213	259	216	240	192	270	212	139	236	141	107	161	194	268	296	168	223	289	261	196	243	180	171	291	204	187	214	188	287	165	255	299	149	292	247	167	102	261	149	285	269	284	173	173	136	120	1	130	298	229	205	120	158	249	131	261	218	110	152	297	134	142	114	194	128	229	174	
1	157	288	105	176	133	187	196	100	196	104	282	287	113	148	136	119	0	173	139	232	195	273	236	129	187	260	247	294	246	144	202	241	294	184	187	116	249	288	184	252	273	113	202	259	131	223	296	136	165	249	184	189	272	277	264	269	276	253	226	296	259	258	158	100	125	179	258	202	267	154	109	114	176	259	289	299	185	146	166	299	182	184	251	176	240	242	183	217	298	206	110	155	244	202	167	180	170	211	210	
142	267	159	159	288	101	175	169	143	142	213	258	132	206	238	232	211	120	0	283	141	207	1	170	252	125	269	100	127	163	103	291	214	124	100	106	122	268	284	217	263	299	149	147	175	159	105	285	164	282	196	286	149	229	145	134	170	160	251	124	155	183	281	223	282	122	139	161	201	209	137	155	126	242	299	137	155	129	227	284	273	274	199	141	149	294	290	260	155	176	114	230	207	219	124	164	258	186	299	246	
201	267	256	227	130	177	284	211	112	284	208	236	206	255	157	118	159	214	128	0	203	283	130	245	293	142	203	180	174	115	217	265	246	286	142	133	245	135	243	226	110	163	230	164	219	124	269	275	163	296	169	173	173	143	266	209	199	182	299	173	175	128	178	184	285	196	159	252	204	258	197	276	284	175	106	196	237	193	215	277	257	164	244	143	134	258	116	169	190	241	255	196	286	270	138	1	216	103	280	122	
100	134	275	260	162	242	267	162	157	288	106	286	172	1	193	273	258	296	147	201	0	280	164	116	203	292	247	149	244	105	258	223	193	106	240	233	182	147	230	176	131	135	237	113	163	288	236	142	246	254	157	299	239	199	178	189	279	215	233	238	200	212	291	255	238	177	242	122	143	261	104	114	140	127	180	257	135	249	224	206	260	206	150	114	236	288	209	117	213	282	295	226	253	111	140	227	285	150	170	298	
179	283	276	262	143	187	226	134	135	219	103	189	254	228	142	154	127	111	107	130	207	0	186	246	125	152	277	289	122	274	156	251	103	221	288	134	169	161	132	162	212	166	105	292	215	192	199	121	176	193	248	189	168	274	210	105	202	285	290	1	149	122	175	282	179	113	130	281	261	271	232	265	190	153	113	269	177	125	240	204	135	241	279	195	249	179	183	292	278	143	257	195	273	111	156	161	219	260	155	226	
208	187	138	129	129	243	213	292	277	243	285	162	236	273	296	144	122	236	228	107	293	107	0	288	295	299	134	278	198	242	178	177	125	277	155	287	176	112	153	1	222	281	237	146	215	139	125	247	225	104	163	197	210	242	132	289	200	182	100	290	197	101	278	142	102	288	169	162	234	168	231	205	111	208	199	154	263	287	154	112	179	286	258	247	286	250	255	225	178	278	267	211	248	224	149	287	208	262	203	151	
161	149	288	256	130	294	293	225	255	245	124	214	207	295	215	213	106	208	151	236	208	143	177	0	293	221	278	178	192	249	217	171	195	187	274	112	264	181	143	155	123	186	1	214	159	284	274	261	196	115	242	265	222	168	269	160	277	287	228	170	221	275	215	151	162	283	188	196	225	234	231	277	109	284	286	156	157	245	296	239	119	284	241	288	195	108	252	158	158	115	158	104	130	218	291	242	206	261	127	296	
159	190	171	143	195	234	241	107	181	165	126	123	274	129	188	113	231	193	217	245	109	235	287	129	0	138	188	297	263	125	102	294	215	182	101	125	181	168	231	214	247	156	177	105	252	114	190	133	239	206	114	1	139	293	277	116	209	123	252	229	164	291	169	207	150	218	234	219	299	128	263	208	259	220	277	107	261	242	135	265	183	180	205	105	250	251	180	241	258	288	181	259	212	163	282	243	224	190	154	264	
189	200	198	100	284	242	220	266	196	207	217	148	172	140	204	181	112	226	125	257	123	236	236	199	147	0	1	286	161	185	176	257	216	167	155	281	118	269	242	292	193	100	236	167	225	123	284	156	103	272	150	243	105	190	292	260	182	252	202	295	275	287	242	155	263	230	101	283	273	275	111	287	156	289	230	222	165	104	278	152	225	237	131	122	269	103	205	267	171	101	225	211	245	275	122	132	242	148	187	128	
274	233	271	1	288	271	183	160	115	238	168	190	264	157	159	190	288	179	209	131	226	281	203	214	277	220	0	186	191	171	126	280	101	101	172	237	200	119	170	230	107	288	185	172	184	129	139	179	100	215	182	173	177	111	164	283	250	181	108	127	169	224	112	105	204	197	271	148	167	199	269	260	195	272	127	103	211	159	203	117	143	142	283	141	273	198	282	173	133	249	255	133	150	172	287	249	180	191	159	106	
241	267	158	255	210	214	257	253	227	158	297	168	155	216	279	285	271	171	287	286	274	246	114	272	186	115	293	0	285	126	215	271	145	227	118	224	259	134	128	245	242	236	194	161	121	109	234	221	225	1	123	215	217	190	104	128	220	128	217	175	264	208	112	204	110	129	207	183	107	162	175	255	122	145	271	270	155	111	111	281	212	276	248	142	107	107	179	174	245	270	202	114	270	276	151	242	181	287	127	127	
235	138	122	170	249	231	161	150	275	103	237	113	108	219	288	232	135	263	226	280	183	174	147	216	292	105	207	115	0	210	248	219	221	264	203	171	195	274	274	197	124	220	137	117	238	155	111	262	137	113	166	186	257	285	133	175	1	117	280	230	286	121	169	248	123	149	248	223	189	195	262	294	108	146	223	126	167	175	190	198	189	238	258	279	213	141	222	201	257	181	151	245	269	254	166	297	294	110	213	193	
205	214	118	216	106	258	215	266	206	146	114	173	192	113	281	260	289	217	159	143	108	249	145	259	277	277	243	177	226	0	280	111	230	286	217	240	135	218	135	236	134	151	241	272	277	295	223	246	198	265	199	170	268	290	197	178	210	297	202	163	198	179	127	104	186	229	118	214	167	264	229	259	142	159	289	116	292	284	267	102	240	144	121	268	245	273	219	199	199	253	112	164	124	277	101	127	168	1	250	197	
268	129	153	231	285	105	252	210	108	196	265	163	176	299	164	233	212	284	162	267	277	183	285	192	221	245	249	229	181	139	0	105	208	155	103	175	148	183	186	223	262	235	195	206	243	175	117	132	196	183	134	291	258	114	120	283	140	142	133	260	175	157	267	239	261	166	167	225	174	114	126	157	283	116	238	269	178	220	186	261	139	208	141	276	120	223	126	1	275	228	122	180	290	251	264	288	238	179	157	190	
210	1	208	196	262	236	231	259	218	273	192	243	136	149	172	232	194	123	277	110	187	210	257	292	226	180	198	264	256	293	125	0	287	299	230	164	135	227	221	243	235	265	227	241	282	120	137	254	236	139	184	264	186	238	188	220	129	233	108	170	275	287	272	188	210	197	223	143	297	221	141	151	114	114	197	105	125	238	105	129	211	223	283	188	248	257	294	176	262	125	238	184	268	102	121	156	211	228	272	237	
240	162	150	141	130	250	100	165	274	224	247	224	218	163	239	213	108	144	188	226	248	273	287	219	273	243	194	226	212	285	149	273	0	262	228	294	203	210	291	220	272	259	272	112	295	124	146	201	230	186	294	187	100	258	249	139	120	212	288	265	179	188	187	274	287	297	248	272	115	139	251	105	103	158	179	273	258	126	176	181	163	101	185	189	188	184	162	117	234	283	226	104	297	236	122	242	1	123	153	152	
283	219	285	262	125	125	117	101	189	210	217	102	145	275	171	208	252	263	271	226	278	232	100	181	201	218	255	209	236	233	125	227	261	0	206	158	272	287	1	241	272	108	103	218	193	139	175	297	119	106	210	156	277	111	224	172	227	240	194	205	229	291	191	174	155	143	127	241	114	281	162	237	174	123	158	262	218	166	228	118	214	161	110	221	188	250	199	164	263	152	119	152	288	211	241	201	230	164	202	146	
105	238	160	179	123	182	101	217	140	286	135	136	257	116	238	287	249	226	201	241	195	143	229	108	174	139	243	234	103	231	124	229	297	138	0	139	144	236	265	248	160	212	286	205	297	117	169	294	133	168	228	122	255	221	175	248	118	213	213	136	173	242	126	104	175	181	195	223	135	236	128	122	134	214	235	272	158	236	123	275	115	294	123	110	114	151	158	293	177	287	269	110	141	107	172	123	107	170	1	232	
158	190	215	119	247	269	160	245	299	180	205	248	190	103	172	232	109	255	287	280	217	152	288	200	127	142	220	287	133	276	253	226	103	120	154	0	203	255	294	273	296	171	272	157	226	273	279	179	270	229	208	253	132	282	262	265	297	223	295	268	219	265	206	168	216	287	189	109	156	171	181	108	173	140	260	110	276	184	145	226	299	166	158	254	253	153	283	205	102	241	163	191	121	260	277	254	224	202	122	1	
147	270	285	194	152	296	228	180	203	143	234	136	114	172	118	293	144	153	147	272	156	233	189	129	285	105	277	228	276	268	297	164	174	116	107	226	0	156	132	172	227	249	147	285	247	192	250	210	261	128	287	228	213	229	210	153	134	235	164	153	101	233	136	272	247	120	290	147	277	287	132	273	214	117	287	151	284	1	109	176	276	129	285	135	200	110	225	171	138	104	122	254	238	275	267	225	242	222	186	192	
282	196	115	205	171	272	175	196	106	226	234	259	277	104	233	123	286	227	178	127	280	152	174	232	130	183	241	194	129	107	251	247	219	134	254	222	173	0	264	231	208	109	173	170	150	244	233	159	290	235	272	153	201	190	245	244	218	294	183	246	166	193	251	254	156	244	242	145	271	184	113	292	134	290	103	100	296	237	254	105	241	106	105	177	206	287	118	176	145	246	119	1	225	284	299	201	274	186	157	104	
212	280	134	129	154	117	155	106	266	284	213	125	260	272	233	159	256	159	116	151	241	197	165	292	152	288	247	270	126	192	273	103	193	273	275	195	106	273	0	271	234	201	141	162	182	222	240	254	143	197	155	117	244	181	119	284	133	157	143	153	236	115	179	1	249	235	151	125	172	160	299	126	238	162	115	264	192	236	199	106	101	216	101	157	140	210	249	152	205	214	118	160	284	110	239	231	251	172	207	207	
242	193	1	147	298	200	260	243	128	121	184	219	181	253	290	270	153	259	295	108	183	126	234	221	108	195	103	193	113	266	203	126	128	216	223	276	196	238	172	0	104	297	147	104	147	162	281	134	287	249	294	132	293	201	217	182	270	183	198	103	124	279	208	112	108	235	242	177	203	262	178	157	298	239	179	282	207	145	182	149	281	175	156	268	152	285	219	157	278	281	122	253	270	105	138	106	256	126	163	185	
214	293	208	260	182	150	232	235	259	254	130	139	106	175	236	228	103	128	152	1	250	231	260	258	250	178	284	101	115	157	270	283	255	197	226	269	255	131	228	238	0	172	189	271	229	206	134	296	120	271	134	164	120	173	132	111	116	171	167	290	222	180	116	272	130	195	242	149	164	177	297	108	184	203	265	275	197	272	159	197	115	140	146	180	180	292	140	232	287	199	108	121	255	268	152	277	138	230	127	262	
197	209	269	147	149	199	271	281	280	124	166	262	210	242	273	291	180	290	259	147	238	280	188	212	229	161	188	144	208	164	241	144	180	290	281	230	272	219	115	230	115	0	183	272	177	264	221	216	157	299	299	134	228	246	171	109	134	101	126	284	174	232	289	108	207	134	1	123	289	157	171	225	148	128	236	144	215	242	105	200	150	215	116	168	286	138	140	281	125	281	104	292	163	237	200	132	207	157	120	134	
176	249	218	245	289	156	1	242	175	163	138	192	258	195	240	133	253	103	255	229	260	142	122	185	178	123	103	189	100	254	198	279	158	256	270	290	247	100	205	274	171	184	0	251	123	101	139	180	210	199	248	144	109	200	217	289	198	224	135	297	154	139	285	125	208	175	117	169	293	236	122	209	149	144	245	290	212	220	275	219	162	294	170	107	124	139	212	192	143	257	149	209	232	118	175	193	167	225	261	120	
258	115	188	192	190	289	253	193	224	105	294	201	289	183	169	228	136	163	229	235	233	208	288	268	171	139	278	223	296	134	203	272	205	240	212	141	289	123	124	125	147	194	210	0	195	291	261	272	166	299	115	102	1	119	194	181	159	239	285	280	186	189	211	244	227	282	144	192	196	227	290	263	195	104	146	146	196	221	245	171	223	242	126	165	263	109	138	135	212	215	128	287	174	188	131	195	222	196	181	186	
202	286	114	105	149	157	157	138	281	226	139	199	202	136	298	269	152	223	278	275	200	152	120	249	120	288	291	173	125	288	237	200	243	136	166	239	144	124	184	142	101	270	186	128	0	234	147	243	265	221	154	184	244	199	271	290	240	123	214	111	101	252	170	179	197	225	237	242	197	288	146	253	178	100	286	119	153	108	173	139	231	146	297	228	255	1	101	208	202	236	184	250	136	102	125	259	172	139	287	260	
182	168	218	210	242	259	181	102	102	164	235	296	178	292	248	183	119	293	257	168	201	142	228	217	161	273	119	297	123	146	244	158	295	182	218	170	211	142	247	170	229	126	137	212	189	0	255	164	205	169	229	277	133	259	253	285	256	245	279	242	129	189	124	264	164	163	133	156	120	199	167	240	248	1	270	218	221	142	181	184	274	113	176	134	283	178	198	224	154	224	246	115	191	278	172	133	172	167	160	261	
195	171	196	109	188	274	264	156	166	160	204	136	225	218	193	160	166	260	268	136	100	132	192	150	200	201	271	273	176	262	181	1	108	203	185	241	113	274	256	185	147	263	200	280	143	200	0	142	151	154	204	228	249	298	136	195	134	135	228	216	271	228	109	118	131	192	251	249	264	252	210	234	126	185	271	276	149	135	128	233	271	180	102	257	255	135	238	161	201	112	218	148	235	206	239	104	185	196	208	208	
159	113	183	209	279	122	171	180	218	182	174	199	195	134	221	224	135	120	147	295	169	255	215	198	146	272	169	216	117	266	276	131	280	251	253	259	183	260	257	124	187	256	101	172	264	166	223	0	244	116	248	226	297	259	112	223	146	111	174	142	160	148	256	236	205	194	135	182	122	131	177	284	186	277	169	233	284	298	119	183	241	146	149	127	227	130	271	246	293	270	190	115	173	290	1	220	130	254	200	121	
140	255	279	192	239	138	284	167	267	252	261	225	236	150	273	295	136	252	273	240	226	259	290	155	115	282	234	129	111	122	204	208	187	215	194	177	201	193	182	259	189	116	149	225	152	234	248	182	0	278	291	208	153	214	179	254	131	205	1	269	261	232	112	157	175	268	159	228	115	195	155	154	160	222	244	193	131	217	156	279	127	128	228	234	173	156	105	215	295	185	228	175	238	239	119	263	107	259	146	282	
170	106	174	117	283	258	113	295	283	276	160	106	111	225	203	114	152	1	113	249	226	242	180	125	278	146	192	103	248	228	221	137	123	289	277	267	247	204	127	241	173	252	184	173	121	143	171	212	198	0	143	256	184	160	171	160	274	283	253	281	153	177	179	116	123	288	109	284	183	225	178	113	285	237	222	266	299	242	164	218	245	131	148	289	271	238	274	163	162	167	227	173	193	170	244	203	174	222	208	111	
286	116	230	125	206	143	165	217	105	253	189	194	255	180	196	104	123	168	249	248	241	136	208	264	122	192	147	270	173	105	185	187	132	101	109	165	168	263	278	234	242	207	158	184	160	275	106	257	296	177	0	101	180	235	128	225	119	209	263	195	296	269	109	106	147	180	248	267	173	280	289	260	120	139	156	243	215	170	181	274	217	105	278	290	218	117	149	185	149	1	258	170	158	136	143	231	291	131	232	253	
107	264	241	235	279	288	167	104	245	179	182	257	299	243	258	276	224	177	106	221	198	175	294	234	228	115	193	228	152	245	169	189	298	254	299	216	203	197	140	137	236	270	163	138	211	201	298	287	104	157	202	0	264	294	295	174	176	102	235	288	238	181	125	264	143	269	245	243	110	233	197	200	202	249	1	278	178	254	224	257	103	135	220	235	222	250	156	295	289	175	179	145	129	102	232	249	193	297	217	270	
106	204	149	103	167	152	267	116	260	223	100	1	232	177	186	224	188	277	148	252	279	252	263	102	167	136	178	167	206	106	174	110	231	256	216	260	235	276	101	234	109	106	137	230	254	298	115	221	205	115	280	146	0	255	241	275	292	166	269	182	182	194	115	280	216	201	217	275	227	212	179	192	290	255	251	186	196	180	261	147	149	102	169	159	108	109	290	131	232	194	227	209	179	216	273	148	265	237	204	114	
177	180	135	146	122	273	271	227	233	112	112	135	110	194	194	115	111	213	259	108	204	182	118	183	154	262	249	100	267	1	252	192	258	208	261	270	284	268	209	282	114	100	213	138	171	101	106	201	159	114	271	240	182	0	166	128	219	174	230	196	174	211	297	165	298	153	261	105	184	206	191	157	113	227	253	112	215	136	284	293	172	103	154	227	109	264	143	215	234	204	285	233	181	294	289	188	284	131	197	166	
157	122	283	183	261	215	104	239	276	129	138	144	113	139	215	275	158	112	116	174	136	183	175	155	133	230	130	244	121	139	221	249	199	118	118	292	273	170	111	172	277	122	276	214	156	192	215	195	207	160	234	210	272	164	0	248	133	178	137	105	257	254	278	121	167	196	156	123	271	258	177	135	109	268	223	245	1	296	218	220	246	268	270	196	141	127	182	204	284	168	201	145	183	111	191	108	201	247	122	287	
253	244	192	188	291	254	252	241	220	242	244	292	129	146	101	222	109	112	250	151	148	116	156	151	275	127	227	148	262	180	171	245	112	154	234	266	149	200	237	173	244	166	138	169	216	163	225	165	1	168	299	213	240	241	116	0	246	112	115	142	284	192	199	170	170	102	137	219	292	174	285	294	236	247	247	105	136	167	277	125	229	194	251	214	170	182	219	287	107	298	239	170	255	181	228	157	169	290	269	193	
160	129	121	227	283	153	258	269	165	258	275	223	256	263	181	175	105	176	142	184	184	101	206	262	219	111	103	199	246	161	105	213	177	147	160	153	221	207	187	121	196	260	105	186	116	160	281	273	160	179	158	162	236	134	253	164	0	106	282	221	196	278	206	162	285	202	288	222	266	263	276	165	218	297	242	195	186	229	298	124	232	105	218	111	267	248	1	144	264	177	108	257	240	236	277	188	133	200	155	247	
211	163	260	125	139	151	240	245	202	294	207	217	185	130	155	206	190	138	264	170	255	221	183	263	159	292	242	162	136	128	226	240	1	296	260	166	145	244	266	220	208	163	165	253	224	189	280	133	159	286	296	208	205	296	184	131	108	0	203	146	153	195	292	215	116	157	183	254	246	199	106	163	154	199	216	119	292	296	119	166	258	105	231	182	134	157	279	187	233	109	141	263	237	274	281	223	207	151	247	137	
183	266	271	137	109	275	139	210	202	277	164	161	184	146	169	246	239	140	238	268	173	285	149	120	217	103	283	174	221	112	225	118	285	270	221	286	208	144	173	217	202	245	208	221	211	125	217	154	256	253	1	174	172	136	247	158	138	225	0	166	207	234	198	259	275	141	190	265	262	151	226	204	216	297	161	239	285	191	270	202	192	188	108	147	222	264	274	199	159	164	242	102	295	170	171	184	170	179	166	168	
127	110	165	259	211	170	183	261	110	257	217	240	267	249	199	290	216	223	175	242	166	114	158	286	138	138	180	261	138	147	227	156	275	186	101	135	271	218	259	173	124	211	298	240	263	145	175	128	208	292	268	228	207	129	178	228	244	1	254	0	245	148	264	296	234	232	197	150	139	287	237	112	213	251	291	285	286	161	128	155	123	298	219	171	168	191	220	194	170	249	286	227	197	126	127	179	262	296	261	189	
268	199	158	211	119	207	172	166	292	276	251	276	229	209	273	121	154	272	209	129	118	292	291	233	240	235	203	269	219	207	109	156	197	283	138	272	193	299	130	113	105	268	270	249	179	138	264	114	262	105	154	228	274	163	167	290	154	207	226	260	0	151	171	225	192	146	152	237	257	293	276	265	282	158	237	1	140	137	273	110	202	153	171	163	142	171	232	254	100	216	207	165	164	149	150	133	117	168	241	210	
245	176	158	245	221	137	164	283	201	123	298	149	293	295	284	193	267	150	159	253	282	269	174	1	160	264	221	101	191	266	171	238	158	158	269	163	190	246	252	221	205	197	208	147	184	179	135	192	232	141	102	230	271	205	104	174	197	101	172	150	243	0	220	272	109	240	291	164	206	145	167	274	294	251	243	177	147	149	169	240	164	177	109	167	135	217	173	161	155	190	289	151	267	251	203	238	106	120	203	296	
193	243	250	192	163	176	177	103	234	265	190	291	232	193	177	135	139	283	129	238	253	1	246	193	239	244	107	224	282	210	242	181	282	254	123	108	200	160	219	143	114	297	141	229	241	293	223	194	126	233	284	274	161	270	217	279	288	299	142	179	153	233	0	204	199	277	143	189	225	112	110	252	148	121	151	154	185	186	105	106	204	276	158	138	137	115	237	246	141	161	250	275	226	114	249	244	154	220	210	148	
140	224	263	178	155	297	113	290	260	240	287	213	152	266	104	119	272	279	112	233	159	287	207	115	233	282	263	288	209	228	148	101	255	196	1	215	225	288	289	104	232	207	270	198	236	106	194	288	290	176	180	118	233	188	228	244	124	173	207	218	129	266	167	0	283	112	288	247	288	120	169	229	265	131	114	112	167	122	194	280	265	235	106	116	209	246	102	255	105	223	174	180	112	118	217	129	267	243	231	256	
274	108	272	271	200	169	255	249	174	294	165	102	269	151	259	125	117	179	207	106	135	207	282	203	204	236	173	196	112	250	149	282	183	187	266	245	282	156	247	294	213	134	135	192	272	219	229	283	112	140	117	171	129	223	125	223	299	222	146	197	127	259	152	228	0	236	183	273	209	281	186	297	275	257	172	124	202	135	226	253	185	268	253	123	124	228	124	194	205	273	121	188	113	1	233	154	215	133	277	187	
249	140	278	183	291	206	125	296	1	181	240	214	195	127	217	158	283	195	177	166	192	146	121	231	202	216	177	287	226	181	265	139	104	293	100	198	202	184	133	280	206	222	242	173	254	267	221	296	139	171	218	180	181	122	122	240	230	242	237	237	278	298	215	157	201	0	200	225	201	221	131	240	222	184	111	163	254	142	229	269	143	279	262	299	122	199	237	224	217	272	278	259	102	282	175	290	221	234	105	256	
285	104	250	242	224	186	107	151	156	246	249	133	109	189	299	128	137	155	270	118	208	211	240	182	102	264	119	263	111	278	125	197	206	294	211	246	129	208	207	258	284	131	195	145	152	136	195	286	160	133	171	177	224	181	219	275	147	108	216	122	167	216	231	181	223	252	0	241	177	221	270	238	241	193	208	167	276	283	284	172	152	193	1	207	173	125	289	203	245	255	107	252	295	122	142	124	290	245	157	183	
287	224	136	140	111	257	186	249	211	114	253	218	267	273	128	205	206	132	282	133	256	182	297	168	210	107	171	167	154	252	126	195	283	151	299	126	256	198	284	221	194	234	238	288	169	299	130	226	271	127	254	276	136	102	281	177	206	118	299	133	121	215	210	143	259	260	193	0	1	209	284	139	230	181	133	149	114	200	197	114	298	110	212	288	244	138	201	263	145	160	223	146	273	201	187	174	216	169	157	239	
196	132	113	194	218	111	289	285	269	124	104	187	106	125	174	244	122	137	259	152	261	196	226	196	223	112	148	277	178	282	101	170	200	224	231	102	291	142	256	138	252	207	275	153	244	273	233	277	201	297	121	272	200	141	203	205	196	177	173	100	265	169	272	116	208	198	154	178	0	183	132	280	144	107	127	168	298	101	101	185	1	110	103	279	210	240	113	119	161	155	105	203	134	249	268	130	234	111	172	183	
267	176	110	292	291	103	127	100	119	280	191	274	107	100	117	249	155	104	218	200	188	233	226	273	248	142	181	231	105	177	125	202	205	283	287	193	247	291	115	226	198	259	137	176	263	200	169	130	190	116	221	244	210	225	211	173	222	251	153	148	211	243	181	279	283	236	141	177	176	0	148	192	151	259	193	112	296	289	1	199	183	256	295	222	294	175	271	261	241	211	198	244	235	286	128	208	257	185	223	258	
274	186	261	233	159	137	189	295	125	253	263	185	299	180	199	208	178	175	128	293	201	187	162	250	210	100	276	211	237	108	152	195	286	114	171	298	213	237	157	228	179	183	219	245	196	279	190	281	133	110	223	136	130	243	154	150	124	211	188	249	206	256	291	299	155	178	209	1	142	163	0	195	169	230	267	236	247	147	220	185	219	137	288	241	265	264	175	275	245	245	101	252	102	113	168	259	136	220	287	187	
254	238	189	269	195	226	141	174	105	135	160	212	251	172	194	297	253	199	242	130	259	178	232	207	103	218	273	222	188	294	213	118	296	240	234	125	246	299	161	214	297	242	182	283	213	208	174	203	174	114	297	185	236	165	142	161	127	165	286	150	116	187	160	109	234	186	132	152	206	270	227	0	264	186	217	235	162	124	243	193	260	258	246	1	189	220	260	149	286	290	221	211	129	172	264	205	284	169	181	239	
274	190	189	176	295	240	279	195	157	205	288	263	231	189	134	241	242	254	265	192	211	204	127	158	1	144	226	278	112	143	216	136	271	268	262	290	119	160	297	289	240	188	108	245	273	121	231	202	148	167	186	154	116	258	222	192	187	187	228	224	229	259	124	235	115	234	172	270	124	221	195	297	0	126	197	185	261	173	252	157	223	198	259	258	105	195	231	143	224	132	154	146	256	213	254	200	171	265	268	291	
160	259	259	201	152	181	204	157	141	192	169	188	203	134	174	158	264	239	184	174	208	238	241	200	264	151	158	206	228	279	192	136	213	280	254	214	290	240	108	130	183	285	189	295	115	263	211	240	107	177	167	278	148	157	196	138	198	260	294	139	251	1	224	197	239	190	211	263	122	250	194	198	225	0	264	122	235	250	180	111	245	182	103	258	253	113	199	199	237	196	202	266	291	196	295	121	184	195	145	133	
231	117	144	162	156	205	182	1	179	133	299	230	258	173	293	148	276	130	119	181	291	120	197	151	105	154	273	167	131	222	157	248	179	126	206	240	112	129	114	116	236	272	110	284	298	155	253	250	210	132	153	243	138	212	279	152	290	242	115	254	220	202	255	185	239	138	193	207	239	215	176	185	130	222	0	266	285	201	230	150	294	281	203	192	293	117	238	271	241	178	239	183	265	126	277	139	179	134	132	131	
157	179	157	165	160	208	227	147	212	107	273	265	174	221	282	218	239	256	112	118	278	132	142	170	142	110	289	204	154	237	129	232	276	146	149	204	1	155	180	245	190	244	120	116	293	236	269	193	156	199	112	170	140	157	290	264	143	142	124	262	218	112	132	246	257	159	101	194	228	207	269	132	239	281	231	0	251	136	120	193	162	209	215	265	207	182	256	280	261	112	139	280	262	136	130	146	288	223	150	208	
194	170	247	177	244	163	156	267	289	138	277	130	258	283	290	174	111	128	187	267	100	175	258	243	271	1	208	118	138	148	187	137	233	154	193	276	153	101	291	118	218	119	113	267	115	283	254	125	257	231	120	256	107	286	110	279	261	275	206	237	223	170	162	214	162	272	214	132	206	195	225	221	155	131	246	289	0	138	256	238	185	102	238	139	267	197	171	291	290	237	225	119	106	197	126	175	130	193	232	101	
290	193	295	274	252	167	299	136	111	187	148	222	214	244	281	105	159	101	160	173	287	138	283	176	282	150	260	111	273	211	167	144	125	188	238	186	295	138	250	173	162	105	156	210	184	151	228	254	104	105	161	169	217	177	159	261	177	295	247	253	191	195	248	235	174	229	123	246	138	1	116	207	277	170	164	142	210	0	258	204	254	243	235	196	145	230	141	113	113	290	268	124	157	191	245	111	220	292	150	148	
280	242	135	182	210	149	233	168	239	234	201	116	156	188	136	195	219	121	194	235	257	130	186	200	123	111	174	161	165	224	260	299	182	1	297	259	195	277	233	244	279	115	257	264	100	134	132	131	161	270	245	243	120	148	194	180	195	258	202	257	298	161	195	101	155	260	242	255	278	226	112	283	172	185	173	156	268	190	0	275	152	217	281	138	157	172	188	179	143	177	108	276	139	288	105	183	261	155	192	207	
262	111	287	232	146	185	160	201	133	1	119	241	246	278	141	291	283	151	255	288	108	186	201	184	100	259	228	196	201	186	247	155	197	193	193	206	229	194	100	122	118	207	141	154	168	101	136	103	139	165	193	277	206	248	269	138	126	199	135	182	299	245	270	298	215	241	244	190	231	283	297	179	284	202	134	202	243	248	189	0	279	280	139	197	237	114	249	284	167	239	151	109	209	280	118	282	273	256	179	131	
213	150	257	195	201	129	116	267	245	275	245	256	113	270	213	280	174	260	128	122	267	267	136	139	144	140	195	173	139	188	106	218	140	276	150	190	119	275	249	131	1	140	190	245	216	202	207	149	170	111	161	292	265	212	222	101	161	283	158	101	236	168	115	182	122	214	168	278	146	126	132	127	267	193	297	232	257	255	284	233	0	159	184	105	260	237	128	172	278	118	112	149	196	265	111	241	195	170	152	218	
216	189	140	147	230	206	232	297	269	199	169	121	279	223	284	266	1	299	282	287	299	260	280	132	208	294	109	177	132	112	157	152	126	116	283	255	106	244	251	187	224	143	196	233	108	207	261	250	185	296	103	130	207	256	199	141	163	197	127	263	261	239	218	126	189	276	126	255	279	273	199	129	214	236	261	209	268	211	247	211	294	0	152	137	283	238	148	193	165	267	260	192	167	212	133	275	208	153	200	225	
229	138	242	207	224	129	106	111	101	202	239	224	243	163	142	214	107	238	245	226	193	219	159	148	228	170	108	228	259	143	172	209	133	118	289	145	245	1	294	271	209	298	183	298	229	298	206	257	217	240	223	221	108	206	177	231	123	262	170	145	201	145	181	289	245	176	146	135	235	209	187	191	136	193	103	274	174	184	197	295	215	179	0	222	295	233	282	134	230	183	105	217	293	168	172	127	221	215	108	155	
142	270	110	158	189	247	299	162	284	192	170	214	139	290	216	142	292	287	114	131	180	213	202	214	182	147	117	124	257	295	133	183	178	146	178	218	244	121	147	198	203	185	146	165	1	221	102	242	136	231	162	211	254	185	154	253	214	238	286	251	186	251	287	178	278	211	111	251	185	171	101	277	189	275	181	127	189	117	199	200	174	270	278	0	139	262	142	264	194	241	118	117	157	259	292	232	215	104	286	146	
278	278	217	182	229	188	268	240	279	244	222	135	1	131	177	289	198	274	233	262	249	117	221	180	248	216	169	265	116	138	181	288	158	161	206	162	128	229	287	109	234	121	236	275	262	187	226	209	248	181	206	256	221	108	265	161	192	254	260	264	131	137	294	251	152	118	159	140	267	284	120	258	283	248	154	182	150	282	191	161	158	284	168	283	0	116	171	244	222	247	224	122	105	137	168	156	144	279	215	248	
201	138	156	204	202	111	126	149	229	223	204	171	101	195	185	1	211	145	254	188	161	276	274	271	279	290	141	203	220	103	218	140	284	129	242	109	208	105	165	192	252	165	108	194	241	292	282	174	147	239	241	212	284	152	144	182	143	146	234	119	289	285	218	256	234	156	178	273	194	237	291	152	110	252	175	209	129	124	290	130	159	180	271	193	181	0	233	183	116	204	109	220	221	213	124	196	120	246	247	240	
219	186	208	236	145	247	152	289	178	177	152	254	203	188	218	222	237	111	107	274	221	291	263	271	287	274	281	242	119	149	118	296	182	246	277	250	206	244	293	206	291	237	282	281	109	278	126	248	230	149	104	285	212	1	148	230	131	222	271	122	130	194	285	213	281	177	296	195	164	121	263	297	150	185	201	231	198	296	132	185	270	133	111	173	166	293	0	272	103	244	108	194	127	277	266	135	245	125	239	110	
123	287	185	225	224	193	257	158	260	280	231	128	223	275	178	201	269	150	1	166	156	158	247	239	238	275	209	186	257	239	299	147	172	226	145	233	205	287	186	239	237	199	214	126	228	152	296	116	217	217	142	276	218	221	261	218	178	201	122	280	152	204	235	193	244	138	196	137	252	197	126	240	157	256	281	274	246	153	210	228	133	283	280	284	197	189	105	0	181	111	147	121	198	149	127	274	270	166	259	279	
151	243	245	162	156	120	199	158	288	142	275	158	220	230	120	212	180	272	275	174	1	249	100	171	192	259	123	148	270	174	240	221	213	172	285	282	151	171	296	271	219	291	128	111	152	111	235	254	270	112	121	130	297	181	105	220	274	215	135	157	284	129	150	131	112	141	151	131	174	185	206	200	209	240	254	145	277	116	209	209	215	289	285	280	281	182	270	287	0	248	149	252	129	244	154	289	100	188	168	153	
247	268	246	142	198	116	208	215	184	158	114	125	122	115	239	146	124	290	288	222	113	246	273	271	220	299	213	1	285	165	297	278	163	165	238	180	156	289	200	169	272	175	212	156	164	286	126	252	274	201	200	230	141	136	198	261	162	180	198	292	210	207	110	234	156	182	190	195	175	213	260	191	197	245	190	298	195	108	169	175	270	273	296	130	103	106	129	160	111	0	252	170	173	198	294	257	162	236	291	297	
176	298	226	119	206	219	171	292	194	173	185	110	232	132	166	278	149	133	103	278	246	127	246	108	274	261	294	231	128	160	102	179	182	138	205	183	280	166	206	187	225	139	224	126	161	103	245	246	244	184	165	153	218	118	134	288	280	292	178	156	154	229	1	168	155	171	138	286	171	226	193	198	187	108	263	280	240	237	194	266	290	183	254	230	200	216	281	155	138	103	0	152	276	203	237	228	141	105	120	165	
217	289	259	289	137	164	113	280	127	184	161	183	200	284	283	256	240	133	201	290	208	286	193	114	162	215	294	278	125	252	214	226	148	264	158	193	224	119	225	105	142	237	240	195	172	134	147	173	244	259	221	174	219	213	102	102	107	202	267	135	196	273	184	164	282	123	261	109	296	168	270	1	130	155	276	191	280	180	289	210	110	160	273	224	280	238	131	142	251	240	143	0	292	159	108	266	289	113	270	205	
130	164	205	268	1	135	287	298	201	218	193	137	251	202	238	287	100	284	227	276	199	286	117	256	128	161	192	129	131	139	190	290	139	248	136	224	291	129	275	190	156	173	210	168	236	251	187	212	175	170	249	156	189	184	126	128	240	190	163	217	240	100	197	289	100	273	149	237	247	115	269	156	173	101	194	297	129	143	170	252	181	110	275	192	260	140	174	253	239	162	118	149	0	146	282	193	292	242	130	298	
272	238	218	112	136	191	207	126	105	286	192	192	124	240	173	191	179	128	191	177	202	153	138	264	170	158	160	197	232	145	247	273	125	164	202	1	135	287	222	282	260	254	226	207	294	134	258	182	170	197	277	227	299	211	169	107	155	264	281	165	290	235	149	126	231	253	159	289	275	256	126	233	117	239	267	285	272	235	161	127	240	246	130	288	235	280	204	188	181	228	146	285	132	0	103	246	207	250	188	125	
239	161	174	115	280	297	139	165	228	196	114	126	292	266	265	185	220	200	229	133	262	220	206	102	121	292	294	184	214	292	239	287	286	197	262	282	227	155	104	270	106	263	191	214	146	291	128	295	284	197	101	122	270	242	114	163	174	220	134	111	143	278	264	202	251	188	139	158	262	143	152	223	178	206	151	204	148	152	233	104	163	222	212	134	200	214	148	267	286	274	1	197	295	134	0	173	234	249	184	194	
251	100	283	176	287	224	259	229	284	119	237	190	208	124	143	207	118	151	298	176	123	279	144	119	256	202	232	248	163	116	111	158	230	281	136	252	273	201	284	141	242	207	261	100	259	205	1	185	260	176	178	121	255	220	260	137	283	252	247	142	264	216	291	275	250	259	229	120	128	215	180	244	219	192	180	247	188	218	177	295	134	183	107	117	259	273	168	290	107	256	128	275	198	153	250	0	286	187	228	251	
144	113	136	134	277	218	261	103	187	112	293	250	292	175	167	193	150	131	202	274	256	114	171	174	251	233	155	126	211	157	256	273	136	288	143	192	253	244	138	154	228	227	251	259	164	156	149	119	233	298	115	125	159	182	1	270	194	213	171	245	180	149	285	168	100	249	239	189	215	283	253	136	134	169	129	152	180	168	237	122	266	277	249	108	241	283	213	204	284	134	172	161	287	174	125	271	0	183	199	151	
152	200	253	120	286	253	133	178	245	192	119	298	277	174	168	231	277	277	243	260	107	116	143	241	168	224	252	252	288	231	143	112	295	267	269	287	295	117	244	138	174	258	245	129	148	119	294	225	243	172	292	297	143	128	141	256	148	138	164	136	279	118	269	127	197	276	272	104	247	129	1	181	223	248	263	238	117	169	285	267	114	132	249	249	293	275	188	149	235	177	264	131	169	138	173	185	286	0	248	241	
277	148	167	107	103	229	294	208	212	249	170	167	273	277	257	143	248	192	280	232	274	232	161	238	217	298	181	154	121	269	106	276	162	255	113	227	220	218	207	156	192	287	173	185	199	234	246	240	154	141	196	157	196	199	232	258	120	277	260	194	170	248	207	229	1	103	212	117	217	259	191	176	110	264	126	222	257	196	103	298	258	176	179	294	144	203	119	126	234	166	131	135	123	194	146	129	264	238	0	116	
286	185	260	131	127	265	123	160	292	252	1	129	120	165	196	130	216	273	234	276	240	227	178	198	126	277	103	279	274	135	280	278	138	287	218	278	277	198	282	209	133	115	119	271	239	246	102	139	135	195	191	282	172	224	133	185	146	221	115	187	119	136	266	148	133	209	167	244	118	137	105	291	270	250	224	213	106	210	249	203	270	282	158	238	220	101	234	280	249	240	210	153	121	205	199	138	163	163	192	0	
