0	199	279	243	283	101	178	245	138	209	246	187	207	146	251	145	154	253	241	238	185	115	157	207	108	147	201	247	180	275	169	252	267	280	281	208	167	208	221	187	297	232	137	114	130	191	255	222	268	198	110	131	150	186	199	187	106	176	147	287	169	115	105	249	126	221	276	185	167	272	160	146	247	136	133	112	217	215	148	129	192	292	286	109	137	121	132	115	122	207	161	257	204	144	284	175	195	257	290	233	
182	0	298	168	136	210	115	222	123	137	181	247	295	207	227	188	120	245	275	104	155	159	148	118	210	217	197	111	146	270	280	248	285	112	162	265	295	292	223	208	279	156	262	139	124	104	191	124	249	199	197	246	254	167	260	238	189	260	271	190	246	149	270	171	247	298	115	197	140	217	119	135	207	272	110	108	116	213	228	130	163	138	186	139	122	132	257	245	111	146	266	156	247	202	191	149	150	159	290	187	
163	175	0	152	143	215	233	121	168	226	132	222	218	146	170	159	114	154	267	193	119	291	262	177	101	257	282	184	148	276	211	146	173	104	176	220	108	260	241	266	240	116	159	146	152	115	299	176	112	257	104	207	193	149	220	265	102	143	209	259	274	189	123	168	255	255	114	185	210	297	214	293	123	141	146	131	224	194	274	113	128	253	182	295	245	106	281	110	187	223	179	246	149	109	257	136	214	156	263	241	
149	170	124	0	216	242	168	227	125	150	242	162	149	135	144	251	246	184	261	256	211	263	147	283	100	271	113	187	222	254	107	107	298	225	252	221	101	180	107	108	260	190	199	239	161	176	215	145	214	238	107	189	269	230	289	214	145	190	293	213	189	282	280	260	215	267	267	271	217	267	248	274	140	204	109	213	152	176	230	293	149	227	223	220	151	221	171	296	290	276	251	145	274	119	246	180	108	277	241	261	
223	115	212	281	0	281	212	225	201	128	258	121	298	245	147	173	266	150	136	174	173	129	199	177	293	176	280	107	152	246	236	164	259	156	137	123	197	232	282	199	254	274	195	132	142	132	131	266	194	134	138	110	225	260	202	283	116	228	146	129	140	175	204	288	158	124	208	289	121	243	106	281	120	197	215	147	115	213	165	161	160	259	200	271	239	293	224	116	275	170	160	285	140	141	194	136	209	290	109	138	
274	168	176	133	116	0	115	281	266	270	181	110	263	137	104	189	213	284	170	295	224	213	198	255	116	299	219	240	288	160	171	100	138	156	170	241	279	197	209	133	125	107	222	243	151	111	114	198	260	188	230	194	252	166	179	106	184	158	205	235	245	111	211	280	213	267	237	295	266	199	218	104	271	174	214	222	277	120	196	190	287	235	133	253	187	274	149	222	286	289	127	120	210	235	133	157	270	155	286	127	
298	118	115	246	262	258	0	223	125	134	248	139	234	276	148	284	179	242	101	202	110	186	216	293	177	188	223	214	169	163	231	247	198	284	103	256	130	228	276	199	250	118	226	243	277	293	252	205	250	188	220	212	223	240	271	164	196	174	271	177	109	142	292	246	190	179	109	260	161	166	176	249	299	255	185	104	292	208	271	174	197	213	298	232	132	283	193	126	131	244	224	180	191	133	238	181	228	212	148	236	
254	145	170	193	162	207	156	0	213	243	223	249	242	240	138	108	297	138	233	171	193	276	139	181	241	195	122	273	226	269	210	289	260	190	287	245	284	253	202	284	126	277	135	214	181	143	214	173	196	205	133	201	128	193	102	178	228	236	122	216	240	179	298	287	272	180	253	239	180	126	219	295	185	190	124	265	211	246	270	249	221	224	114	263	215	208	106	180	146	255	113	136	140	268	230	146	155	197	127	298	
183	203	134	144	248	171	258	191	0	144	265	293	156	231	159	269	256	258	196	234	173	215	247	251	150	160	290	245	134	105	180	281	170	192	135	224	203	200	208	149	276	273	140	256	106	175	231	123	241	117	296	114	267	255	177	284	299	193	147	256	136	216	150	150	197	130	117	148	173	156	272	249	180	168	227	233	208	297	164	254	262	125	266	239	153	165	281	224	238	228	185	165	219	154	254	100	158	156	147	150	
161	281	136	154	202	171	162	215	225	0	248	169	203	259	181	109	188	236	262	297	162	241	276	170	264	123	267	257	221	176	215	220	227	155	131	155	164	188	149	101	147	298	225	219	254	212	297	148	102	231	150	208	152	225	237	105	196	181	113	219	295	200	104	292	199	168	293	117	178	140	186	129	139	157	128	189	139	188	261	269	152	174	112	176	252	114	203	137	277	244	229	183	236	257	220	102	140	106	252	188	
218	142	254	112	187	184	264	276	158	200	0	237	155	254	101	233	157	148	232	210	168	264	148	222	233	233	153	102	136	129	223	100	201	110	248	102	167	102	231	158	115	282	236	109	146	141	193	132	124	154	159	223	217	280	137	254	158	187	210	177	189	199	155	120	291	123	292	276	202	272	292	246	255	245	292	145	198	217	277	134	241	275	210	149	120	137	168	194	106	244	121	212	113	156	208	141	252	101	208	278	
197	286	221	259	275	209	171	198	107	164	261	0	163	207	140	190	279	280	280	180	102	128	273	194	280	176	100	276	127	248	240	253	183	101	115	149	106	284	220	255	207	269	124	222	246	259	223	199	267	279	264	145	253	116	230	241	210	254	161	226	161	284	296	282	299	156	171	120	102	237	136	266	152	240	173	107	269	136	112	128	252	120	150	131	292	283	230	241	207	127	298	207	160	203	289	290	198	112	179	291	
237	147	251	169	221	152	298	264	121	106	117	207	0	119	207	197	151	151	185	263	176	281	255	256	214	175	106	279	192	276	243	207	129	121	218	239	207	194	137	143	273	201	103	105	278	198	168	114	160	265	185	132	128	166	130	273	243	100	101	222	193	186	266	129	230	262	101	233	178	220	167	209	211	215	264	232	242	263	223	208	251	215	264	120	285	193	132	121	114	265	167	281	217	259	218	295	239	297	200	149	
100	165	134	291	153	272	204	261	215	204	176	203	154	0	204	217	177	133	246	225	282	279	242	252	110	236	138	125	213	182	238	288	111	162	115	266	297	279	295	124	222	216	107	159	184	171	197	145	161	154	282	205	203	255	212	129	295	133	213	129	206	161	201	217	202	159	241	167	216	161	201	191	109	203	207	160	282	169	118	292	221	129	127	284	197	293	131	250	250	273	248	160	286	156	237	142	204	129	259	249	
180	188	266	191	207	106	205	247	125	257	251	164	129	278	0	291	235	270	254	179	242	257	188	269	128	186	129	255	244	256	250	221	293	287	243	109	120	121	249	135	264	278	126	247	168	153	269	256	260	138	149	199	214	217	266	217	236	221	158	226	214	257	159	299	141	200	163	151	103	133	126	170	143	209	220	191	194	169	210	284	180	179	214	268	241	294	183	121	127	244	206	243	192	205	284	178	222	272	238	244	
223	208	100	131	176	225	271	158	142	133	152	298	296	176	109	0	117	279	252	118	208	159	106	214	230	104	246	117	268	221	141	106	287	253	222	270	253	104	162	260	257	113	233	284	223	210	274	150	119	294	271	196	137	295	283	153	214	151	233	293	167	260	194	290	101	101	202	169	132	113	216	253	292	191	249	186	221	239	151	214	126	263	283	117	170	291	124	235	233	124	298	273	278	232	164	171	138	226	178	153	
276	112	200	201	155	131	136	229	130	180	211	128	150	169	275	156	0	199	278	264	272	144	145	109	205	101	110	286	151	161	249	241	201	121	257	230	265	217	177	236	227	224	195	249	177	258	134	189	103	170	166	140	268	218	186	174	189	265	288	293	212	207	197	290	182	280	297	285	275	178	134	191	174	157	282	229	203	279	266	179	240	281	126	211	148	281	236	249	245	284	252	268	118	152	282	107	197	219	282	161	
290	260	174	150	267	108	251	132	172	128	146	155	180	198	138	241	203	0	242	210	114	216	212	148	127	287	231	157	174	279	296	138	278	194	177	228	126	181	225	236	177	127	138	209	199	111	263	238	203	158	128	233	244	171	211	262	131	293	105	290	240	179	122	155	105	264	238	197	121	146	265	103	256	113	249	140	100	253	263	166	100	176	296	221	197	162	279	156	203	219	121	276	254	108	269	290	222	254	222	268	
252	172	110	114	278	229	168	199	239	257	194	166	153	245	158	105	103	209	0	235	116	244	222	237	232	162	197	213	132	136	107	102	254	243	224	126	119	223	167	140	205	162	128	133	186	101	257	213	185	160	299	252	145	233	136	222	193	121	139	135	227	123	128	130	110	201	202	212	164	197	131	217	122	169	190	162	182	220	256	178	162	146	125	180	238	254	263	139	172	111	130	229	141	252	251	109	249	252	158	139	
228	214	110	163	140	146	119	247	174	219	191	201	296	226	267	184	241	136	207	0	286	125	239	101	133	197	214	103	156	187	287	239	258	154	182	163	245	244	152	118	150	254	173	233	269	150	276	265	285	229	170	298	228	239	279	202	186	158	173	152	283	254	101	298	130	108	232	262	163	104	247	216	285	194	271	299	267	113	156	211	222	141	153	102	201	270	290	211	216	222	150	234	157	121	188	131	112	173	192	163	
211	140	186	161	127	150	268	279	223	100	150	260	103	183	144	286	168	247	235	117	0	187	160	228	290	255	246	102	198	249	257	139	215	127	155	207	125	265	286	225	291	244	236	102	193	236	158	212	103	142	189	144	259	119	191	148	179	140	177	248	159	144	292	284	141	243	202	264	208	221	279	241	275	255	108	120	150	153	198	223	291	286	229	187	203	217	113	217	162	114	247	135	185	128	161	144	202	101	212	122	
109	265	283	120	105	124	121	279	119	259	211	104	240	229	147	177	111	107	241	120	113	0	259	108	101	161	152	102	154	176	111	158	241	201	287	111	107	267	222	206	289	151	261	169	208	170	223	274	270	260	211	123	227	150	259	195	207	139	233	174	158	189	165	179	226	104	109	183	261	236	106	224	152	220	194	188	181	131	200	103	182	262	164	106	121	132	248	169	161	283	280	149	193	100	212	144	111	270	166	168	
186	264	203	154	162	208	224	216	179	217	283	197	237	193	250	284	163	136	235	249	190	188	0	298	271	150	178	136	177	260	183	174	236	247	244	222	193	121	200	130	281	213	239	188	184	295	272	217	140	120	253	123	295	100	115	153	136	218	209	117	105	207	294	170	201	175	299	143	257	290	191	277	155	231	177	193	142	232	176	286	214	145	207	202	281	206	268	115	252	136	119	222	292	203	240	276	137	207	225	202	
237	185	203	171	162	198	236	276	208	139	197	251	286	164	242	261	248	111	219	267	143	244	192	0	144	287	108	297	258	106	138	299	218	265	242	270	146	106	125	123	290	133	142	155	262	120	212	235	200	275	285	292	285	166	107	142	127	294	293	148	127	142	245	283	268	138	265	229	132	143	200	138	102	118	171	190	106	168	278	237	110	212	290	194	253	251	288	151	214	268	244	159	263	235	115	215	147	276	218	236	
271	285	252	286	205	298	200	105	275	250	197	116	292	231	235	234	128	299	144	238	250	293	147	204	0	278	147	248	275	181	258	280	174	294	280	237	145	275	139	255	161	221	138	206	148	197	105	196	120	241	282	270	256	110	174	247	264	280	124	233	185	275	104	257	248	197	133	197	257	267	245	221	146	109	108	100	162	254	285	265	168	115	268	166	119	168	195	252	159	153	208	273	159	108	116	200	174	113	102	139	
242	170	237	134	208	149	252	283	113	227	168	102	157	204	262	245	201	153	175	278	148	174	245	141	224	0	170	207	120	140	172	240	288	102	164	270	214	222	179	167	192	125	200	150	279	284	255	226	278	130	144	127	161	245	186	110	200	273	146	215	190	222	260	152	114	275	164	245	177	297	282	183	254	211	144	242	224	265	137	269	126	228	191	294	297	172	289	254	190	213	183	192	166	127	100	144	284	228	279	294	
203	245	190	297	266	262	175	152	189	200	148	244	288	173	243	265	114	182	207	155	124	144	262	166	149	133	0	112	173	179	278	105	108	272	214	235	217	263	106	171	229	249	221	285	129	280	248	191	115	168	182	232	104	205	270	259	147	221	298	124	188	146	276	125	204	212	103	245	276	105	235	286	245	266	251	249	234	235	201	169	153	198	226	160	257	270	243	146	158	179	186	148	295	158	210	168	121	202	230	256	
108	205	174	293	107	298	263	195	249	101	205	162	119	146	132	268	234	282	108	230	289	226	147	261	132	106	116	0	198	111	159	229	297	182	118	246	251	283	182	181	143	156	272	119	297	279	102	297	271	215	253	244	163	280	280	167	281	237	122	167	210	156	168	121	131	127	289	279	261	299	170	241	265	165	106	115	120	168	175	293	156	203	276	240	103	160	224	131	142	240	203	261	289	225	127	230	122	225	289	166	
247	148	251	199	238	218	127	294	244	284	250	115	185	164	282	219	100	172	221	139	175	103	176	149	294	276	225	207	0	258	162	266	126	116	125	179	130	272	117	298	107	176	119	241	161	137	101	148	105	215	113	141	243	240	224	134	192	119	129	114	129	287	268	265	251	257	255	127	199	109	212	111	190	273	214	177	241	217	242	237	286	131	243	290	150	141	238	280	236	118	236	246	256	237	237	265	153	210	289	122	
106	199	273	283	187	243	181	286	104	299	167	153	294	109	269	297	178	274	196	266	140	223	279	137	224	169	287	103	125	0	130	253	226	198	276	178	201	247	281	151	139	282	149	105	101	190	289	268	199	233	100	280	137	284	119	169	279	189	278	272	238	170	206	263	106	233	288	218	102	196	192	249	294	170	170	210	124	209	218	179	158	287	110	293	208	137	154	260	124	154	279	266	274	100	250	292	109	277	117	221	
276	145	244	190	178	277	118	263	107	164	261	134	107	194	284	142	108	229	268	212	227	156	146	147	232	168	273	247	129	119	0	192	110	234	215	272	195	186	127	117	156	237	113	102	219	274	180	154	201	200	175	200	150	210	183	267	222	180	113	280	173	112	283	214	107	170	108	161	139	228	220	283	189	246	134	232	251	294	235	284	201	273	208	115	277	235	183	156	278	112	235	211	122	119	228	250	143	192	187	211	
219	170	144	228	158	259	159	256	213	157	184	110	106	209	190	160	214	283	239	162	241	146	226	197	281	114	112	103	294	280	240	0	193	286	225	206	245	220	104	110	257	178	178	106	180	136	167	132	292	189	207	157	298	106	150	243	219	238	270	201	211	180	215	192	200	169	166	299	121	209	151	169	137	161	296	180	163	295	244	230	283	237	145	123	167	269	247	193	265	142	197	276	242	205	113	158	220	159	147	299	
179	130	270	219	274	156	237	265	102	107	214	280	193	131	198	294	189	246	217	288	202	197	235	148	294	237	176	110	264	221	133	194	0	145	268	233	288	192	135	107	142	153	176	129	175	273	138	170	129	160	272	289	276	251	158	174	263	133	240	251	244	153	174	120	244	135	225	211	261	160	111	119	111	296	122	296	214	248	223	265	170	140	257	258	298	215	214	137	159	185	194	299	157	283	263	111	276	135	206	264	
189	150	231	117	247	135	261	287	234	153	237	214	219	110	156	248	101	164	272	288	233	264	271	118	164	129	124	152	103	198	136	117	124	0	262	260	194	292	299	117	107	285	177	232	295	249	280	261	264	202	179	217	198	249	109	299	248	277	232	208	190	137	121	161	181	247	283	138	200	280	134	110	143	117	292	134	135	271	176	200	134	235	147	180	256	194	156	122	195	141	283	143	268	109	299	175	173	216	234	100	
267	296	238	276	287	221	245	121	209	187	289	193	156	262	214	294	219	298	265	160	222	263	128	254	256	209	160	108	208	221	126	166	281	128	0	270	283	280	138	145	213	171	287	127	148	257	270	193	234	201	283	137	257	290	199	128	129	164	215	220	166	202	250	237	174	125	163	138	271	222	159	140	287	231	144	254	189	190	216	231	261	279	234	279	130	213	201	242	219	141	236	227	279	112	257	256	101	202	158	142	
117	171	296	257	186	250	154	170	225	257	279	270	106	217	258	110	213	131	106	152	273	255	220	170	181	205	104	102	185	214	254	126	103	294	113	0	141	243	160	161	128	162	117	239	183	190	251	289	140	151	175	237	223	126	214	146	171	267	293	194	241	294	187	180	183	146	160	143	180	126	285	232	298	197	103	228	297	189	217	161	196	276	269	102	115	271	166	204	212	132	229	132	158	255	215	247	275	130	295	237	
185	230	173	237	110	118	210	155	134	146	167	159	299	289	209	146	191	159	275	196	224	222	225	185	296	289	148	266	112	156	262	263	241	287	156	146	0	199	113	299	198	251	121	288	287	187	288	193	164	224	115	113	175	219	188	132	149	220	295	103	168	137	178	266	297	112	102	110	243	177	107	205	124	187	239	162	228	129	191	262	256	225	182	292	216	137	226	194	284	246	150	220	166	218	282	126	200	145	111	238	
134	265	246	148	126	123	264	112	260	154	144	206	250	215	133	151	173	127	196	215	210	137	146	231	175	104	238	231	279	185	245	106	125	137	263	245	186	0	279	191	165	113	137	192	228	255	134	267	160	192	111	213	136	196	123	205	188	113	285	236	256	162	220	172	252	229	183	299	139	155	290	161	134	136	282	132	165	202	289	213	289	198	111	267	137	229	165	126	183	102	119	158	109	182	189	274	257	130	190	180	
203	213	178	217	215	109	105	262	228	295	181	183	168	123	266	169	101	282	142	255	251	227	104	130	251	182	281	256	174	280	177	279	240	245	208	276	164	155	0	155	140	285	210	126	259	215	138	268	275	152	286	232	244	214	228	166	162	229	238	156	109	221	146	158	225	246	237	203	205	234	255	130	169	133	208	216	152	187	121	289	285	246	181	175	234	226	125	268	172	152	138	217	234	299	198	161	180	258	252	149	
137	282	166	108	288	248	188	198	240	176	226	165	219	148	203	225	221	245	289	103	122	111	143	293	126	260	246	268	238	184	171	210	179	259	217	243	111	120	251	0	124	216	298	170	276	273	150	148	216	248	137	150	113	226	254	144	115	218	140	262	213	225	250	112	216	104	248	151	189	201	236	263	200	227	293	180	195	195	231	141	256	279	219	126	167	103	106	105	192	245	215	108	254	179	206	262	225	155	293	114	
206	153	277	238	148	165	220	278	165	197	115	153	103	112	279	270	190	181	182	199	280	209	208	290	101	127	216	193	121	273	285	184	248	213	121	283	292	163	261	194	0	254	179	159	253	215	292	121	121	201	239	159	189	167	202	125	134	269	192	267	293	198	278	118	227	176	240	219	107	198	177	259	117	242	210	150	187	276	105	157	276	220	171	176	295	288	117	184	218	282	108	283	263	162	277	122	271	203	126	112	
169	116	226	177	115	125	236	116	249	292	243	167	268	123	236	214	145	104	270	279	138	161	286	237	202	225	298	110	162	276	146	179	289	250	227	148	256	260	270	118	235	0	233	197	107	155	106	238	187	288	218	296	236	236	204	129	220	203	224	170	198	134	118	274	225	255	142	127	177	135	273	164	183	171	175	100	132	237	222	253	158	127	259	295	108	194	209	267	108	220	275	289	238	176	167	121	149	240	242	243	
186	261	210	147	284	207	187	220	264	112	106	269	192	146	143	192	252	257	131	295	250	259	246	242	130	140	299	227	107	119	122	139	236	102	154	189	264	242	297	159	233	118	0	121	226	207	294	146	207	206	157	278	145	185	203	180	201	150	166	156	212	192	288	132	201	211	174	221	255	184	144	165	164	117	116	265	176	223	237	279	191	238	130	214	149	190	185	234	187	190	241	224	208	175	239	170	180	187	200	239	
278	191	110	298	133	126	262	277	139	211	117	203	269	154	275	175	143	204	152	244	196	238	219	297	187	157	241	224	102	184	274	252	148	249	127	293	182	281	256	170	279	239	146	0	153	196	277	213	149	154	288	252	197	143	249	286	293	233	173	161	219	211	181	174	201	254	235	271	202	268	106	197	234	168	272	286	102	217	219	236	181	132	205	225	202	281	213	174	167	230	219	107	215	280	112	281	224	273	104	139	
204	211	253	154	155	138	145	191	182	255	151	236	226	120	135	284	206	125	228	137	115	262	132	164	144	297	139	270	103	255	172	197	208	174	182	147	239	217	174	153	100	139	247	160	0	183	162	123	216	102	160	244	105	189	190	275	127	177	273	156	195	177	182	164	107	209	297	193	196	132	225	132	222	109	160	277	230	290	103	284	289	142	198	175	211	234	144	197	160	135	228	197	218	122	249	276	177	236	297	161	
120	221	294	183	260	117	179	182	272	279	121	230	107	202	161	194	203	293	249	293	275	134	248	211	128	134	219	206	201	133	298	100	125	270	229	169	262	159	247	151	171	192	157	126	259	0	173	288	281	213	297	205	271	197	153	110	163	129	210	274	257	209	248	287	196	109	292	232	241	208	160	249	202	258	235	135	264	220	220	149	144	276	108	145	144	257	173	292	207	216	184	160	294	244	152	173	239	293	249	244	
232	167	252	277	156	195	114	211	142	138	194	172	179	150	249	119	115	163	117	150	148	186	174	195	283	191	114	143	231	192	139	125	292	270	230	158	193	280	115	165	239	186	148	218	262	173	0	245	180	133	192	198	119	109	220	263	118	276	229	257	218	121	228	117	264	200	105	179	152	188	294	185	145	204	191	166	123	252	150	186	221	209	274	292	132	152	103	295	101	139	122	162	193	185	219	203	127	105	164	223	
296	115	145	272	132	291	229	236	106	235	148	269	196	140	240	163	233	240	274	122	155	127	202	121	185	267	218	265	136	274	284	149	226	241	180	148	296	152	297	137	163	245	292	211	294	136	259	0	206	128	112	264	261	190	225	265	169	237	179	237	147	269	128	260	106	241	265	237	186	266	229	205	129	195	168	259	159	264	180	297	193	256	206	100	226	121	175	124	231	130	157	295	117	276	294	217	282	249	145	294	
244	103	265	247	154	142	294	259	269	116	265	109	298	139	220	211	207	144	245	286	231	188	229	189	116	231	280	269	200	112	203	292	288	137	293	171	278	295	252	256	201	296	229	107	259	181	248	241	0	151	239	277	164	133	214	223	100	275	260	179	214	185	247	284	138	201	286	263	107	106	267	270	184	184	174	212	199	177	187	140	169	294	242	166	177	284	188	206	237	270	277	282	271	121	205	241	270	235	264	187	
285	297	133	232	213	164	156	105	126	207	257	189	289	152	261	161	281	288	275	120	135	225	208	130	269	267	147	116	226	146	277	116	196	120	298	134	276	259	125	192	155	130	186	247	195	105	204	196	184	0	247	231	111	165	272	111	126	146	100	280	202	219	139	111	158	156	251	157	188	137	191	132	158	266	166	218	110	156	294	139	227	202	251	211	144	106	223	248	282	188	239	222	103	133	120	212	205	218	173	259	
254	208	142	239	158	256	214	150	286	135	257	278	273	244	120	147	247	283	251	286	123	159	194	153	126	283	175	142	207	177	291	200	192	268	284	289	189	232	255	114	179	274	240	249	162	129	236	212	185	212	0	271	229	237	149	166	102	213	115	259	243	261	221	257	158	133	146	107	246	134	222	197	241	168	207	222	272	146	246	201	258	224	264	158	280	162	268	170	120	111	127	192	277	293	187	218	100	115	126	112	
161	157	279	211	144	291	227	151	239	127	189	275	232	160	189	222	253	144	103	176	292	127	236	242	210	154	102	275	124	252	228	128	192	119	189	206	114	214	114	111	298	154	188	160	235	207	205	259	183	219	298	0	165	278	138	270	237	181	113	186	136	106	101	224	141	270	231	142	274	164	127	248	211	182	289	215	121	142	144	293	287	170	206	202	188	153	261	120	142	266	157	187	132	291	122	213	253	159	153	286	
202	217	272	208	221	141	135	168	173	222	103	208	215	298	293	114	123	113	138	287	144	284	290	222	140	115	247	192	259	111	170	111	283	102	126	207	251	188	281	117	118	118	183	116	256	139	180	230	115	147	246	103	0	102	129	205	118	299	125	112	277	252	210	294	215	209	230	237	193	296	224	170	257	281	275	270	211	149	249	201	115	187	155	149	276	230	156	178	231	255	246	265	175	178	132	135	129	199	190	161	
194	232	139	167	200	282	233	246	234	146	135	165	116	245	244	235	298	163	241	291	149	185	233	158	156	195	273	156	210	162	185	198	245	199	298	218	119	148	211	180	229	203	164	278	237	270	179	148	276	170	100	158	197	0	296	114	227	174	129	245	118	157	214	156	232	288	161	186	162	105	292	261	108	264	236	145	175	178	225	291	252	280	205	129	295	122	118	143	275	146	202	204	211	206	102	227	218	253	147	245	
248	122	141	164	226	126	273	259	245	280	203	201	238	159	202	292	193	265	120	217	100	116	249	186	215	225	199	121	226	288	104	289	291	191	261	195	290	172	287	150	147	258	280	248	168	128	203	249	104	124	154	215	104	183	0	234	219	204	154	253	210	275	103	203	280	236	210	118	272	128	286	153	182	294	276	251	197	204	174	134	116	281	177	127	298	125	225	105	299	177	294	203	123	184	141	202	200	177	265	188	
284	256	160	211	287	104	106	201	227	184	180	110	225	119	291	172	185	125	220	211	110	183	120	102	136	158	149	144	283	165	208	268	101	286	189	185	237	280	289	230	215	278	167	287	116	239	175	276	246	117	269	290	224	220	277	0	257	140	234	276	282	183	213	289	154	215	125	107	207	164	168	276	109	252	131	203	166	161	252	248	108	197	241	272	140	262	236	136	233	124	278	229	130	126	276	210	146	149	203	220	
225	249	220	120	131	287	163	196	205	204	194	186	264	187	277	200	236	146	194	109	210	187	279	206	142	262	295	174	111	124	162	269	220	150	256	143	204	228	178	125	210	105	102	225	244	227	221	122	102	145	194	160	152	222	297	153	0	280	130	113	154	277	111	263	177	138	160	217	119	187	102	132	179	232	100	163	162	123	162	269	226	174	168	265	117	254	120	208	107	182	118	102	265	138	267	295	150	185	156	179	
171	253	273	245	226	179	138	182	239	137	188	248	148	105	249	146	105	185	206	111	288	187	221	259	199	264	299	188	190	220	268	192	224	214	290	225	134	151	109	298	151	260	244	244	140	129	185	209	151	236	243	116	228	268	165	211	120	0	212	148	235	278	263	150	198	200	281	165	155	291	176	266	219	171	102	183	251	149	252	109	211	132	164	108	106	234	259	209	163	168	121	129	224	162	215	204	121	193	291	237	
161	148	283	278	134	297	148	136	203	244	261	223	179	130	205	148	180	296	286	277	262	164	244	111	279	253	174	123	108	151	216	143	213	134	210	131	102	124	121	123	214	189	208	109	190	295	283	152	112	136	103	165	192	295	249	121	291	109	0	130	192	139	172	139	286	173	245	155	158	144	136	226	110	193	268	217	201	119	103	153	204	152	199	284	173	126	238	171	292	242	244	245	126	107	230	209	182	275	133	225	
124	167	130	283	178	232	260	100	137	203	164	235	299	185	264	256	273	291	252	159	116	287	183	213	296	167	248	174	213	196	233	112	183	175	132	119	190	295	171	214	232	100	212	135	153	127	232	247	284	212	181	161	148	141	209	269	100	116	255	0	117	276	220	206	220	181	205	285	227	195	162	251	114	209	169	146	295	259	190	220	181	148	252	213	156	288	249	184	201	124	237	142	107	274	223	192	122	256	284	294	
163	264	101	225	259	114	211	186	136	293	242	293	223	213	103	256	133	278	256	174	238	198	174	145	227	281	177	139	164	214	185	173	162	134	244	272	207	149	169	225	141	266	207	138	232	153	202	211	248	143	204	200	270	125	180	292	123	149	110	299	0	160	153	183	277	253	188	210	246	105	216	276	282	267	134	177	150	107	213	145	161	296	265	178	178	263	292	275	211	181	163	130	187	273	127	130	234	232	124	117	
261	238	246	242	217	102	151	131	212	262	133	150	127	202	264	102	103	100	177	189	115	165	254	216	184	235	291	159	136	142	170	295	258	104	283	270	138	201	262	235	113	156	285	151	271	186	239	204	221	193	215	288	279	264	283	270	214	162	288	169	108	0	252	195	182	137	157	203	245	178	265	210	163	177	178	265	144	167	275	219	176	270	258	226	288	172	170	126	238	241	154	140	293	297	158	155	228	189	223	193	
298	204	154	180	153	239	194	229	212	227	274	143	109	287	203	246	128	204	111	274	277	284	192	154	238	228	111	285	286	115	100	211	154	245	287	147	231	201	274	278	199	237	251	240	161	236	249	223	100	245	290	147	216	157	166	182	257	239	236	133	104	112	0	143	100	104	215	285	224	170	169	148	262	286	107	241	209	159	120	142	264	248	211	271	174	193	118	250	171	201	192	177	192	102	245	117	192	144	104	184	
154	206	156	142	210	228	128	137	159	130	296	152	247	154	240	108	111	293	188	111	199	154	138	161	154	156	177	184	115	263	195	211	203	159	102	283	295	125	232	159	253	119	264	298	183	227	138	131	201	120	106	217	189	233	226	169	142	158	103	133	233	240	165	0	267	247	201	178	247	159	142	280	286	104	139	100	256	284	233	276	273	273	102	174	180	289	289	171	212	297	248	266	225	254	216	112	275	123	120	221	
215	183	203	227	227	284	136	224	111	210	191	210	161	162	290	250	181	215	214	193	152	182	117	151	151	206	258	258	249	258	152	108	165	124	206	141	169	268	227	111	129	150	290	217	192	185	298	131	246	299	293	288	294	218	163	250	227	173	146	295	247	209	236	288	0	159	272	197	235	142	164	168	278	276	114	181	148	162	233	225	245	117	113	233	213	173	216	196	254	193	231	269	273	169	204	154	232	272	113	116	
247	259	121	299	225	114	251	189	295	146	127	218	155	245	205	111	243	103	149	134	272	205	121	174	222	100	262	292	230	180	169	254	207	111	255	191	204	273	157	252	119	285	166	274	194	186	291	162	158	129	172	131	221	172	269	234	241	116	100	216	248	159	126	231	167	0	140	265	298	267	132	196	233	102	207	115	238	223	232	119	247	138	279	218	184	287	136	104	172	119	149	137	152	280	165	275	244	249	279	188	
167	177	247	284	150	218	156	129	168	275	291	205	185	100	284	114	145	282	215	166	240	290	226	201	113	130	250	283	224	299	211	211	105	227	103	122	279	103	223	157	213	125	240	209	236	183	196	265	202	252	260	219	227	256	104	138	263	180	139	116	256	136	285	187	110	173	0	262	192	144	103	220	291	265	263	186	295	293	223	213	291	151	167	251	156	200	157	234	149	118	168	147	129	135	293	273	111	296	130	274	
171	206	192	161	238	152	151	156	108	215	153	201	147	156	152	296	187	284	235	117	217	250	235	222	261	169	277	163	236	188	280	206	280	141	245	184	194	182	239	228	298	191	152	141	261	156	163	168	293	122	120	197	279	239	113	112	286	155	124	110	117	262	201	110	257	239	283	0	173	244	191	243	110	174	264	240	116	126	229	219	141	215	231	255	134	102	288	270	261	239	272	198	159	295	210	186	270	195	227	229	
198	152	126	225	196	108	166	134	107	122	273	294	173	131	181	132	171	199	267	181	185	236	197	239	137	181	188	207	298	115	298	191	212	129	233	147	275	225	150	276	102	196	270	278	195	199	267	172	145	161	138	180	273	104	221	100	217	212	152	163	286	219	250	197	110	108	194	278	0	272	127	123	192	192	217	254	280	171	269	162	274	107	166	291	133	111	201	204	208	227	143	210	156	223	185	102	252	166	220	150	
150	278	212	298	110	103	196	206	240	185	219	265	298	270	202	232	116	297	194	175	264	122	115	277	276	120	183	115	262	185	150	226	199	185	186	126	248	244	274	178	177	249	259	265	273	254	138	118	151	114	191	209	135	123	252	255	200	237	291	180	178	155	189	112	109	229	294	211	204	0	110	270	214	216	128	259	112	282	246	130	241	232	206	172	127	217	114	285	178	299	282	120	270	233	279	150	181	187	166	229	
102	277	135	157	214	265	289	190	113	177	179	293	117	188	250	221	100	194	234	226	276	115	155	297	116	289	290	252	189	102	152	129	162	287	299	202	102	152	119	287	105	178	217	255	278	175	240	158	220	174	296	136	175	242	108	116	123	197	128	252	220	194	176	112	268	263	264	114	178	161	0	120	252	283	242	148	181	160	285	166	179	108	218	280	259	176	133	162	172	277	265	148	257	270	146	193	117	143	240	168	
184	117	159	119	240	148	108	103	123	143	162	247	296	103	137	277	158	179	248	240	236	113	170	203	280	206	140	126	203	208	142	135	105	269	184	105	102	295	236	166	132	294	225	222	266	210	152	116	206	260	191	233	106	272	290	248	212	290	162	277	176	177	294	187	153	196	269	272	228	288	254	0	271	165	259	295	234	299	168	297	209	174	223	189	123	297	256	160	272	162	156	249	122	111	217	171	294	186	160	293	
218	117	268	255	188	289	209	280	124	136	182	162	199	147	288	295	258	157	181	125	103	150	170	172	239	107	145	265	220	219	147	195	169	109	294	194	129	189	131	263	129	109	230	263	299	256	299	193	176	218	282	135	185	259	222	185	281	106	255	140	123	102	250	274	163	160	226	147	180	220	230	106	0	126	270	223	282	177	162	291	287	178	292	267	185	129	117	221	290	101	247	175	177	156	176	129	111	131	154	293	
223	119	107	214	291	173	160	146	289	276	204	158	116	101	222	205	223	252	257	115	268	294	230	132	275	198	148	284	262	222	119	187	209	110	149	111	199	180	189	198	135	193	275	118	133	108	158	283	237	165	179	157	139	240	154	138	102	195	262	255	139	214	291	247	205	222	111	245	154	246	258	268	184	0	228	242	121	286	283	111	241	144	209	230	108	283	151	297	166	182	216	283	182	241	288	210	189	175	283	133	
204	167	224	244	218	297	248	238	265	123	238	253	172	251	204	183	127	127	231	238	123	232	257	239	101	245	249	120	201	180	257	209	232	203	276	173	131	261	138	275	115	208	177	140	151	131	121	153	249	164	148	213	198	207	137	181	279	195	212	273	152	143	195	258	133	218	143	115	172	160	229	156	291	184	0	120	265	287	266	293	233	254	278	235	122	193	128	189	130	122	119	133	161	142	284	286	138	166	160	206	
200	136	263	150	101	101	280	232	262	287	254	172	290	273	193	135	257	283	165	264	209	232	237	240	156	142	296	262	110	121	153	196	122	180	212	193	259	189	292	164	216	164	226	194	177	232	241	284	142	294	268	264	175	254	128	297	294	172	286	238	169	240	216	173	211	259	245	138	250	135	272	104	139	249	251	0	290	137	141	297	286	133	174	232	270	191	137	133	237	147	244	146	139	135	105	171	245	193	241	134	
220	133	215	272	232	187	178	220	296	255	253	190	177	194	191	134	297	142	251	176	110	247	227	272	208	245	222	251	144	254	171	129	180	264	120	119	192	108	116	281	114	174	141	220	281	273	294	137	115	288	201	157	114	111	205	181	219	287	292	247	203	160	172	284	125	273	184	234	164	179	234	278	114	219	279	158	0	251	102	287	117	121	160	239	239	132	197	157	124	189	176	207	162	280	130	153	106	212	121	201	
125	297	162	280	240	100	194	240	106	105	158	284	126	230	114	201	236	112	166	135	129	237	261	227	119	101	199	277	192	141	247	280	140	257	110	147	258	118	110	124	226	249	187	148	145	143	251	210	142	290	239	184	169	205	281	220	243	237	205	156	161	132	284	130	130	274	244	295	120	154	275	110	243	294	298	256	296	0	264	151	168	177	111	290	123	295	242	169	142	122	244	295	259	257	148	263	273	228	255	262	
214	110	252	134	172	113	108	263	142	202	125	289	238	123	201	156	228	175	159	160	284	152	102	224	189	204	265	193	290	238	108	201	239	265	266	131	161	111	264	239	121	128	153	197	223	206	134	114	256	285	274	147	148	160	215	166	214	118	129	169	153	292	157	146	211	172	158	125	184	243	116	140	238	184	120	216	289	136	0	233	126	290	246	148	277	152	167	292	100	291	180	206	161	241	210	199	259	288	251	268	
169	135	111	134	251	209	229	176	190	190	146	134	118	127	173	156	155	102	169	256	294	224	233	285	285	128	187	181	170	298	179	201	154	280	272	264	129	268	299	243	258	275	283	145	108	194	174	140	145	200	218	238	240	264	114	257	162	113	220	114	201	147	111	297	157	224	289	232	272	125	159	214	137	252	190	230	134	168	254	0	153	114	275	110	188	230	215	162	207	132	127	233	292	286	282	179	272	205	124	176	
185	126	160	283	268	182	133	246	274	166	204	215	150	234	235	176	222	260	258	237	131	222	128	118	198	156	264	203	177	103	230	183	288	221	247	198	274	118	194	112	208	178	274	175	288	270	149	149	230	150	188	287	264	188	270	142	204	230	203	164	145	262	131	139	279	251	113	297	268	132	207	208	259	149	175	122	203	186	210	105	0	289	104	225	180	283	131	215	262	195	114	175	297	148	255	158	224	108	250	103	
138	165	189	280	258	281	274	278	282	226	169	209	288	180	182	142	153	264	295	109	154	277	147	230	206	293	213	229	186	169	296	159	252	154	156	144	281	237	223	115	237	186	144	109	125	298	116	142	209	282	299	165	110	232	284	135	224	177	205	211	212	212	111	245	227	167	206	125	130	124	215	147	206	111	138	162	166	167	190	182	129	0	102	292	259	134	183	203	155	122	283	210	196	235	264	293	124	123	231	127	
113	225	152	286	209	258	284	291	187	101	119	144	281	243	160	149	115	221	174	291	104	240	176	161	195	139	217	109	248	241	111	106	290	202	159	255	170	196	230	233	102	111	262	223	275	213	147	282	121	128	145	232	122	134	212	198	285	200	132	186	246	128	211	283	122	296	131	272	289	144	249	165	181	215	152	229	209	171	172	249	280	179	0	132	254	204	145	275	228	143	237	203	298	169	253	286	207	286	137	258	
140	139	130	272	254	205	171	186	175	271	271	279	164	190	250	268	280	146	108	224	199	147	136	292	128	277	146	197	234	202	231	255	191	243	167	216	109	122	285	111	185	279	143	207	279	157	112	187	148	113	171	104	244	254	235	225	176	159	221	291	263	194	167	255	149	165	162	117	113	233	282	123	160	239	118	137	103	195	147	151	173	220	283	0	174	119	276	194	256	118	170	266	270	171	114	284	116	258	166	143	
258	260	220	173	298	174	115	208	232	135	194	197	123	279	255	286	263	259	233	171	149	133	203	195	168	185	190	292	123	178	169	274	124	122	183	188	280	248	118	186	234	148	191	114	155	286	159	139	215	205	201	264	106	283	149	294	245	197	297	281	273	153	187	296	159	240	160	113	273	299	268	287	128	177	255	248	284	206	231	195	225	128	152	183	0	292	131	213	118	122	229	289	240	169	155	295	292	190	138	274	
177	234	113	218	219	233	227	116	249	232	187	220	156	195	225	121	290	152	145	134	223	187	170	257	277	263	284	193	282	158	107	153	152	117	256	283	131	199	254	219	299	124	138	217	176	166	163	274	293	136	185	124	166	188	187	252	227	279	264	254	207	114	271	128	218	224	242	156	225	135	285	263	128	261	133	139	102	217	203	109	134	178	255	180	118	0	144	193	287	184	197	171	289	270	136	123	109	106	102	205	
127	115	245	125	278	172	142	145	125	207	206	116	288	167	137	255	233	123	220	147	247	198	134	130	223	171	233	171	274	133	155	163	227	101	284	265	267	181	211	130	211	217	257	275	277	133	250	109	224	249	283	147	126	266	252	279	291	178	292	234	260	167	291	250	274	185	241	109	250	277	256	268	178	119	160	196	297	132	215	157	259	189	186	117	233	271	0	189	207	121	296	163	189	103	212	283	277	160	237	175	
150	286	105	210	116	109	125	149	297	152	128	165	100	249	210	197	102	116	131	268	270	158	248	211	159	119	192	133	175	177	212	283	192	108	109	267	260	248	208	204	225	294	260	289	228	260	292	288	209	155	240	109	153	118	166	248	148	104	294	287	158	178	243	129	190	225	213	113	289	296	299	283	126	127	293	182	146	216	280	222	163	177	155	236	282	171	159	0	197	194	270	179	292	109	255	173	292	189	167	220	
255	120	161	154	260	236	263	111	296	170	217	161	212	128	188	248	278	134	139	269	143	242	141	123	224	111	218	270	138	264	299	263	257	219	253	137	163	296	146	198	115	137	244	211	165	131	287	147	221	290	234	103	129	235	145	138	207	234	258	226	196	228	185	194	259	207	139	165	118	254	179	182	195	233	125	115	246	289	269	223	151	224	163	134	280	255	109	243	0	286	105	264	245	265	125	261	145	161	297	172	
217	175	193	184	202	173	175	111	115	195	253	139	145	255	158	218	144	120	146	255	187	199	168	170	164	243	293	275	296	167	107	294	122	106	214	251	183	115	128	254	265	295	179	110	165	145	190	236	232	220	257	193	134	168	147	100	194	151	139	159	218	242	171	117	186	229	240	122	145	179	102	126	129	151	209	248	167	153	190	252	266	193	159	128	248	116	158	297	124	0	160	281	188	164	261	211	259	183	201	220	
175	116	184	102	164	125	271	256	206	210	211	264	142	194	107	241	297	141	263	237	213	133	147	155	280	186	196	273	287	140	245	245	231	179	246	165	196	123	154	295	220	124	180	194	191	101	214	123	174	272	101	236	156	105	108	214	149	144	275	112	234	222	147	184	214	220	193	165	145	286	285	175	126	199	159	198	210	134	133	144	124	262	298	175	123	116	102	182	129	209	0	190	283	146	247	120	224	136	217	166	
204	263	146	188	287	144	240	279	258	172	257	148	276	247	299	123	234	278	210	198	126	150	298	273	160	147	253	208	170	129	270	167	284	243	108	170	264	190	154	298	217	296	139	273	261	234	219	202	145	216	216	160	115	113	247	121	130	119	196	246	113	117	241	250	219	264	111	244	241	139	251	179	247	211	167	214	268	275	225	109	160	125	289	175	152	230	268	289	180	181	238	0	263	202	272	156	290	148	298	271	
286	236	189	133	183	199	264	177	271	231	205	227	271	235	234	138	128	241	177	253	180	268	246	193	142	176	253	237	251	266	134	201	219	285	262	149	288	151	291	142	266	154	211	227	212	198	114	197	215	188	238	109	112	109	208	288	273	176	202	101	201	227	279	232	272	273	292	183	236	298	249	200	161	240	299	221	160	149	297	120	103	106	121	233	129	171	247	239	257	134	201	171	0	240	146	138	240	185	148	233	
102	277	252	125	198	225	150	183	151	112	212	268	119	229	202	126	221	217	282	294	147	109	253	151	170	157	122	290	205	281	129	130	207	265	161	115	233	165	127	212	211	126	160	118	228	100	277	216	173	245	277	105	103	119	241	153	253	186	185	260	228	173	212	219	270	251	204	216	190	178	200	263	119	152	107	212	157	282	122	205	124	114	138	205	119	292	296	161	209	293	290	202	144	0	153	274	184	199	168	107	
184	154	291	156	266	285	233	234	137	133	273	187	287	224	235	100	261	216	215	259	100	178	161	193	195	229	208	143	141	158	258	169	270	200	246	200	250	241	229	258	242	120	133	124	148	147	260	151	277	229	293	280	134	227	258	122	120	256	175	238	198	190	110	130	222	157	165	160	219	233	136	277	274	275	203	282	206	146	137	111	114	178	170	147	115	122	252	177	272	187	113	244	270	101	0	233	178	292	204	252	
247	160	199	198	265	253	193	167	192	282	184	190	296	167	267	106	111	230	225	260	193	140	244	124	220	179	157	270	261	197	201	240	121	103	184	252	216	184	278	101	283	156	171	159	166	145	277	296	297	133	213	188	112	274	183	282	163	112	138	177	240	253	136	261	235	291	128	132	191	278	255	168	279	112	165	185	150	139	235	160	156	107	226	266	265	141	102	215	252	104	186	230	133	247	102	0	271	249	295	195	
268	123	283	166	221	263	146	131	223	266	290	209	152	181	219	147	273	136	130	127	152	292	240	143	241	169	207	221	185	126	281	124	255	246	148	257	271	143	230	176	245	151	225	107	282	191	130	102	285	169	172	245	209	198	229	262	255	216	241	164	184	142	179	168	297	230	285	276	180	276	191	282	215	161	292	238	155	231	117	181	242	201	160	197	102	223	241	299	114	230	219	180	128	230	146	211	0	135	150	104	
233	261	242	179	163	121	212	208	101	278	161	198	173	229	162	121	202	290	178	273	162	104	272	286	235	276	130	298	169	147	121	236	286	113	268	116	168	255	237	144	237	232	175	242	121	168	281	195	144	250	188	129	159	244	144	272	180	177	141	119	166	283	237	226	102	106	231	176	125	222	102	256	128	205	136	125	151	177	210	115	291	137	105	212	205	282	203	172	163	170	116	141	205	209	285	144	158	0	149	278	
105	214	128	284	221	156	200	198	211	209	195	209	196	120	220	292	264	161	238	141	215	252	236	250	112	107	267	204	273	289	269	238	156	238	267	195	267	116	158	261	280	180	218	258	123	289	295	225	184	287	133	283	284	292	235	236	172	284	156	160	138	243	255	114	229	115	274	120	100	213	131	283	200	116	114	258	147	149	133	165	248	146	121	207	295	238	171	149	277	252	201	236	238	160	279	143	169	230	0	169	
221	183	153	146	289	166	236	127	131	280	269	163	132	195	200	112	287	285	127	111	290	126	262	196	124	258	236	129	248	121	158	292	184	205	174	176	213	160	154	126	194	103	279	229	177	262	107	109	205	121	217	172	223	141	279	170	124	121	124	112	266	292	230	160	235	212	128	104	187	264	104	193	140	267	150	183	233	214	280	156	239	104	154	109	118	236	171	248	223	247	275	120	257	173	281	263	268	216	121	0	
