0	251	263	264	119	241	105	103	262	242	205	161	176	167	286	265	251	160	221	289	257	294	186	196	214	260	188	292	285	244	214	197	294	238	153	129	189	130	248	293	106	167	236	264	289	260	180	195	118	115	248	228	263	270	1	221	285	273	282	129	119	127	205	119	205	145	113	271	143	177	280	193	104	236	254	285	106	182	160	132	103	296	139	214	225	276	262	245	175	161	254	223	204	106	284	201	149	208	116	174	
127	0	160	277	143	139	120	184	188	104	202	175	200	219	147	291	187	292	229	249	250	280	168	147	153	215	128	167	208	122	232	1	227	187	204	299	227	264	236	125	162	205	244	155	132	173	152	188	136	277	109	248	198	157	251	118	219	291	223	106	216	222	204	202	289	109	241	182	105	178	286	298	210	262	120	114	186	289	188	289	233	150	224	261	135	185	141	162	163	198	273	129	101	199	129	285	197	186	155	131	
293	117	0	297	179	209	231	153	103	255	276	250	215	257	108	178	270	256	152	194	212	170	106	147	201	132	185	217	163	122	270	229	236	227	294	241	212	283	188	165	158	120	257	214	105	285	107	262	101	172	239	175	208	110	173	200	181	175	295	258	127	285	221	132	215	127	224	179	200	131	200	102	243	143	109	213	132	200	231	241	272	129	234	222	185	195	281	126	144	107	157	287	278	234	283	1	191	286	248	170	
236	253	225	0	121	147	265	171	162	188	135	139	143	250	218	108	253	125	229	235	135	112	189	200	237	292	284	259	169	168	258	105	114	195	158	122	113	160	251	191	289	165	229	229	108	256	107	153	256	277	174	119	128	288	135	227	238	252	272	179	271	295	232	159	207	226	122	246	292	168	207	222	118	218	119	1	203	236	103	253	201	160	269	153	109	109	207	163	160	171	169	277	225	118	101	295	270	117	132	194	
220	174	139	124	0	254	167	289	247	129	163	140	101	214	104	196	165	177	249	255	267	135	165	243	255	132	275	155	140	146	143	272	139	142	278	201	187	124	290	254	103	298	114	133	149	298	290	103	263	169	178	269	215	269	221	212	283	276	224	231	267	135	237	116	115	117	100	239	209	220	293	226	125	146	132	182	1	274	193	251	122	274	251	139	276	176	280	173	182	269	179	246	183	186	203	241	295	255	196	287	
130	243	125	130	147	0	133	101	275	170	280	290	227	124	142	119	175	125	203	250	268	261	194	103	210	140	110	148	150	211	134	227	151	137	155	133	265	262	166	113	192	288	130	249	212	103	193	1	283	223	139	182	245	218	185	137	289	127	223	261	124	171	255	259	153	266	282	138	276	154	258	212	169	285	180	273	146	145	241	222	245	229	187	137	148	218	252	115	261	235	265	250	186	267	102	186	291	130	116	168	
159	235	221	299	202	261	0	296	271	208	116	176	119	216	163	199	158	291	153	1	275	196	165	177	230	130	190	239	123	280	140	131	114	229	293	179	185	111	125	108	143	251	261	219	221	119	278	227	243	129	258	224	259	288	208	258	286	168	274	189	258	211	100	141	277	275	276	183	161	148	160	187	284	174	144	222	258	112	161	291	209	200	299	105	249	223	240	248	254	153	242	269	203	130	159	221	157	172	283	231	
145	125	291	217	259	125	177	0	156	108	142	249	164	159	164	207	175	296	180	178	224	153	200	297	267	179	176	273	216	165	133	264	293	108	214	137	243	136	142	212	235	118	181	129	265	255	234	153	182	188	186	129	276	236	106	108	235	1	161	212	281	290	177	109	205	135	228	110	260	206	202	133	125	172	297	149	135	134	214	151	290	266	191	146	155	219	195	240	161	204	105	215	140	192	117	240	197	148	233	199	
288	250	176	176	247	147	253	218	0	256	271	115	115	159	204	198	200	174	297	222	175	216	142	243	211	173	130	124	115	103	120	226	208	172	192	193	272	108	133	151	156	210	200	173	186	224	224	275	184	219	291	263	238	229	198	165	238	201	285	227	115	153	216	203	163	179	251	244	283	242	264	242	189	281	226	121	224	226	152	257	141	149	125	251	249	276	216	202	140	171	213	165	252	293	247	297	294	161	288	1	
115	195	198	282	203	287	236	235	297	0	265	202	142	283	224	122	142	148	256	281	110	151	191	141	175	258	143	121	278	221	186	242	162	269	156	133	163	282	226	176	134	209	224	274	213	127	168	255	243	235	143	283	205	277	225	290	260	193	229	258	167	115	259	254	214	118	217	185	185	197	237	251	295	268	261	210	122	172	202	103	263	273	299	180	179	138	294	1	113	189	153	143	241	268	119	152	194	256	174	276	
256	152	116	296	121	190	266	231	233	182	0	273	256	125	180	129	215	132	113	217	282	282	106	288	138	126	149	290	156	187	216	166	291	276	272	228	132	281	1	148	118	190	186	145	236	298	270	101	256	268	126	270	197	194	179	262	153	276	145	288	245	285	122	198	123	145	176	240	291	154	254	231	170	285	220	287	271	249	277	195	115	184	150	242	197	117	286	215	103	269	148	150	104	243	162	162	198	180	276	260	
256	241	189	166	134	154	214	134	214	159	243	0	174	132	298	205	184	285	136	229	198	136	279	291	199	232	225	164	230	290	279	249	173	144	169	242	127	184	129	270	226	133	103	181	283	280	279	141	292	1	151	165	184	104	284	210	199	211	173	187	197	266	151	267	245	103	191	178	156	172	158	192	224	104	110	296	126	145	219	212	250	223	253	243	297	187	186	164	139	162	104	205	109	115	256	124	194	224	158	193	
298	100	237	215	130	242	223	142	211	173	146	174	0	167	121	135	121	269	117	228	229	158	100	248	212	176	111	294	162	176	200	235	155	140	197	250	215	206	264	199	284	277	295	153	173	190	236	144	220	136	163	165	257	244	267	257	278	171	107	110	289	185	187	250	100	120	268	145	277	136	285	194	189	185	115	234	224	235	276	149	144	221	264	283	253	1	132	190	205	129	276	154	108	131	108	134	200	112	260	199	
220	234	246	251	239	107	125	162	168	259	156	297	121	0	273	152	225	109	266	210	244	158	1	109	247	223	162	216	187	235	177	225	158	225	154	207	126	149	111	138	126	219	104	225	161	186	128	111	114	267	178	194	190	285	186	178	114	263	120	291	246	289	231	279	243	167	195	139	208	266	297	196	280	141	121	222	208	177	150	193	132	142	166	112	169	214	212	111	157	247	203	256	171	190	229	250	274	298	250	295	
277	196	236	297	238	217	119	224	139	257	110	282	242	263	0	120	200	241	229	258	112	158	188	206	276	181	293	137	151	240	295	257	199	256	277	205	140	202	299	152	187	157	221	149	223	232	284	102	285	280	182	143	1	175	209	205	267	120	204	181	264	255	289	247	279	166	195	184	249	153	248	263	250	299	179	103	178	282	201	275	203	245	293	193	271	150	250	181	296	210	173	126	251	172	181	229	162	250	208	177	
212	280	243	240	155	153	293	136	129	156	248	196	272	226	126	0	106	165	125	268	240	288	140	197	255	259	196	230	192	188	265	289	171	289	194	208	215	183	242	1	284	167	186	208	179	230	123	140	279	119	266	194	221	279	141	104	134	116	137	168	229	251	198	242	156	261	154	140	217	149	282	128	190	216	160	274	198	258	165	141	107	273	199	137	285	216	150	274	189	162	153	256	279	273	134	199	174	210	230	139	
137	199	270	241	171	273	210	156	273	255	188	195	124	143	146	172	0	118	264	158	295	193	130	126	153	211	266	116	100	254	270	112	175	131	130	282	239	159	132	156	226	134	138	259	243	284	230	126	199	299	250	238	267	246	102	142	128	187	156	1	148	207	204	118	286	252	177	161	214	182	239	290	199	235	263	278	137	232	248	206	231	176	268	173	138	135	172	132	136	261	217	252	229	103	192	195	212	151	193	263	
194	171	261	232	167	139	153	155	250	252	251	280	135	130	183	157	280	0	122	287	243	102	181	149	126	290	224	150	259	108	160	262	145	166	155	153	266	215	290	157	163	240	211	282	271	228	267	122	138	248	273	235	257	236	165	230	247	118	295	115	193	258	116	203	107	104	122	226	1	234	277	175	292	231	299	161	175	153	274	279	201	144	241	260	128	137	171	150	234	198	176	201	187	211	237	109	216	290	236	225	
290	220	119	138	250	181	278	212	195	187	192	163	126	146	134	142	246	214	0	106	121	139	127	198	278	116	202	162	176	213	290	109	251	289	178	156	227	128	125	113	207	193	244	299	193	140	148	235	142	190	145	142	133	167	267	118	229	264	124	124	159	125	282	272	293	243	191	145	189	163	163	136	271	180	187	166	247	255	168	261	246	220	262	268	116	210	207	189	210	211	260	1	279	221	239	178	201	237	120	169	
294	111	170	254	230	200	233	277	262	148	115	160	260	227	112	247	210	239	191	0	164	249	241	126	211	108	169	149	271	125	235	200	264	232	222	144	152	202	177	252	260	173	159	225	224	171	185	203	115	244	194	271	282	215	166	231	1	193	187	200	251	204	146	268	138	159	175	279	154	102	163	120	192	262	187	102	161	223	225	276	141	158	296	131	162	190	278	234	292	115	210	260	170	146	172	255	212	184	204	132	
264	142	210	160	260	206	181	134	198	173	135	206	256	148	269	230	287	292	109	172	0	178	237	176	261	247	276	287	189	273	247	297	211	110	222	130	248	293	168	200	108	148	223	255	230	160	297	252	214	158	188	135	248	126	245	289	279	127	220	181	123	173	192	139	200	239	187	127	101	221	137	217	158	143	171	141	158	257	138	1	189	123	250	168	274	108	109	114	117	270	216	195	212	148	182	214	263	256	135	277	
218	122	133	211	151	195	179	213	269	192	194	282	137	273	130	252	127	113	297	127	197	0	112	299	126	140	155	110	253	292	141	192	184	219	215	183	243	210	164	237	131	261	231	191	129	116	237	240	255	218	239	174	259	185	168	153	201	120	285	203	252	219	250	297	261	237	249	180	212	141	149	220	123	266	109	170	139	227	124	129	189	1	189	176	146	239	163	126	191	156	286	115	136	272	275	126	166	148	115	160	
115	218	259	188	145	216	131	218	114	298	256	103	155	276	268	139	122	137	293	222	198	274	0	195	207	173	262	155	1	288	154	273	255	219	190	138	162	185	204	175	129	261	134	277	144	107	114	178	146	212	220	218	222	208	272	119	102	206	107	175	284	159	118	295	268	241	149	262	256	151	258	196	292	190	200	177	175	130	135	234	274	118	284	285	280	139	138	198	282	176	161	195	142	200	289	226	283	297	259	210	
244	152	164	206	182	217	159	1	120	196	166	200	222	124	269	188	202	154	115	245	128	262	229	0	274	124	141	177	157	186	150	204	259	209	166	209	234	197	107	142	233	111	134	180	280	139	265	299	105	207	144	271	134	219	117	148	178	201	107	233	260	163	188	292	125	195	254	242	195	106	152	169	190	241	130	140	151	157	282	226	161	291	115	195	215	192	264	208	173	155	231	214	155	234	184	175	108	190	252	285	
293	212	1	123	120	216	238	290	256	200	147	221	287	250	214	186	260	235	140	270	120	141	211	211	0	223	140	158	136	212	150	109	158	196	149	232	106	245	146	116	171	248	103	254	178	153	112	213	145	247	135	212	130	279	292	149	109	195	237	297	245	136	216	163	287	117	258	276	240	143	242	129	195	193	279	250	195	169	154	156	203	286	202	221	160	237	234	159	159	107	121	198	104	133	174	211	295	235	102	139	
123	163	252	130	156	169	267	265	134	140	283	134	276	164	253	155	291	296	125	239	133	276	171	112	287	0	223	246	210	263	186	198	272	125	101	244	201	196	276	280	247	157	246	118	185	241	294	135	217	113	1	223	183	252	169	232	203	268	114	123	218	285	215	190	232	123	256	294	132	239	132	266	289	237	138	129	184	125	174	130	195	117	192	198	117	271	174	196	165	236	185	297	137	189	205	201	222	289	217	255	
238	208	255	180	259	298	134	264	279	205	106	266	294	218	117	277	187	211	247	146	199	243	297	228	225	233	0	240	164	255	163	212	281	186	291	160	235	120	168	140	245	194	188	182	269	118	213	175	105	159	195	161	175	120	253	174	240	264	104	268	179	270	141	205	258	118	189	187	179	212	131	1	157	229	191	116	149	254	163	224	172	164	115	295	230	138	118	188	234	160	115	158	113	192	274	232	157	149	185	125	
224	180	231	193	245	100	200	146	294	170	166	269	188	269	168	253	237	289	290	287	101	183	112	113	219	225	248	0	160	150	130	267	129	253	180	120	263	256	244	294	243	246	167	203	266	123	152	269	1	190	202	244	122	221	247	227	113	141	291	185	171	273	107	176	155	222	119	170	152	242	271	130	123	223	273	126	171	207	160	135	115	221	136	258	250	262	278	143	275	194	229	243	163	131	259	196	239	241	162	272	
216	159	122	298	287	229	299	227	131	235	225	193	138	239	128	158	107	148	271	216	297	191	297	272	148	190	246	266	0	186	184	104	248	227	275	265	298	290	126	218	126	255	227	278	104	169	160	102	182	297	299	293	283	1	128	259	246	140	136	103	246	207	119	190	100	173	274	264	165	104	124	209	258	275	164	229	222	245	180	237	196	103	168	214	147	239	112	240	207	165	164	268	204	107	180	127	129	273	217	284	
239	214	131	253	237	251	200	161	218	145	254	249	293	171	165	133	204	102	172	276	296	292	118	216	249	232	113	200	283	0	188	299	247	229	287	192	137	298	298	133	102	221	161	131	231	278	191	232	198	171	234	247	162	277	293	274	231	185	228	186	236	278	298	172	1	298	151	167	162	268	173	125	152	149	250	174	259	297	136	140	205	275	207	151	135	210	180	133	181	110	274	100	112	102	279	104	189	122	170	108	
204	288	184	1	123	102	222	244	248	251	129	189	293	201	145	174	214	266	212	289	182	111	103	227	167	231	191	155	201	266	0	149	226	274	195	231	115	171	163	236	265	291	151	256	143	236	120	213	264	163	187	130	164	118	269	101	291	262	237	261	193	204	158	179	102	104	247	158	113	108	160	117	112	279	259	191	263	245	109	222	234	212	192	218	217	137	222	226	279	137	260	198	175	212	152	208	244	211	281	120	
130	202	218	271	126	265	114	179	159	252	139	128	256	106	180	144	276	211	246	170	156	115	215	278	167	251	103	208	175	135	197	0	155	236	1	188	204	199	156	255	207	117	245	238	120	230	268	117	104	145	232	287	175	142	208	164	224	231	239	196	216	284	271	287	216	209	197	162	259	182	197	232	281	276	164	203	161	287	276	285	277	212	117	224	159	240	125	181	210	202	202	205	211	206	119	274	190	159	227	113	
157	177	191	191	123	128	133	213	135	280	110	257	124	114	228	202	237	1	214	272	294	276	266	109	285	194	164	212	248	289	237	125	0	136	241	151	218	242	285	172	153	167	284	215	237	177	181	274	171	206	158	222	287	289	241	273	137	139	148	202	288	217	276	160	192	159	181	240	107	266	207	109	282	267	104	138	221	152	291	187	207	220	179	138	199	215	230	213	268	160	216	164	233	142	162	200	257	230	295	151	
271	207	195	277	164	201	192	124	277	284	167	196	153	277	231	245	220	275	245	113	147	152	161	159	149	163	152	114	289	258	123	216	250	0	172	100	294	252	221	152	129	145	187	109	247	261	261	145	164	178	171	124	264	129	224	108	110	118	100	163	264	118	126	199	206	280	127	149	253	117	185	235	156	213	247	249	233	215	278	123	298	229	145	214	1	130	194	180	206	257	212	294	271	171	150	125	269	189	138	140	
270	299	283	198	209	101	220	168	191	141	158	122	236	193	210	191	244	195	292	142	242	290	104	101	188	245	190	193	250	204	217	181	1	139	0	246	204	109	220	192	188	267	288	144	129	125	121	201	203	272	191	130	174	287	205	220	172	153	183	267	249	193	155	266	274	175	289	167	106	132	208	269	299	274	174	104	221	282	179	164	231	183	107	286	247	184	110	164	127	140	150	120	167	293	212	255	192	134	104	257	
244	257	275	177	272	185	282	179	202	174	162	229	133	175	218	238	286	218	241	172	107	279	253	162	207	219	229	245	284	103	260	208	101	240	170	0	270	191	178	177	148	148	102	233	257	275	155	184	205	279	288	282	159	242	168	216	299	294	134	296	216	185	151	249	144	258	1	178	224	116	235	174	175	118	150	253	180	276	135	146	120	278	183	292	170	114	105	292	233	224	242	210	172	243	288	212	125	207	199	117	
189	187	166	213	297	261	209	298	153	1	279	243	177	142	107	293	249	182	280	132	159	185	285	264	156	222	160	193	100	175	207	224	143	193	153	123	0	269	212	115	101	214	279	103	256	174	179	215	159	264	170	263	245	194	268	104	132	198	254	225	171	200	191	296	199	291	272	263	100	255	176	289	184	293	121	275	108	243	227	255	256	202	258	156	210	164	134	114	195	212	223	169	230	230	275	137	229	213	262	131	
186	235	237	207	232	291	143	175	131	138	168	113	162	172	235	1	287	211	283	285	249	235	142	218	199	112	222	252	216	273	150	275	235	102	214	136	184	0	203	243	239	258	201	214	206	218	226	111	100	177	107	102	189	105	110	117	234	129	276	141	229	243	258	116	258	107	179	112	112	118	251	211	231	221	171	147	244	108	232	188	176	267	198	148	159	281	122	266	196	136	142	204	177	241	101	116	299	197	110	287	
269	229	125	250	235	270	156	289	287	276	170	133	273	242	154	192	246	124	204	248	1	145	296	150	195	248	158	235	228	205	243	214	264	224	230	220	280	267	0	273	188	202	118	139	174	299	129	282	143	167	277	262	219	269	239	232	296	176	162	233	243	280	136	287	194	248	157	242	221	136	176	237	266	194	270	224	139	273	253	218	149	118	186	188	200	165	151	113	150	164	188	209	258	251	193	133	295	294	166	261	
226	248	296	260	292	114	264	229	216	105	120	175	222	150	133	108	193	222	236	111	275	282	139	124	139	177	293	225	112	169	264	282	125	284	287	123	121	159	215	0	214	218	294	177	148	125	163	179	176	292	286	1	159	180	134	209	252	226	134	183	296	298	298	280	214	268	264	226	189	155	180	265	102	147	260	193	261	255	242	176	173	132	160	102	236	237	261	171	270	203	206	179	229	201	144	296	117	114	273	180	
238	207	294	224	211	185	231	254	103	135	175	120	135	173	120	212	114	273	187	141	253	163	221	294	164	160	165	197	123	123	281	281	162	257	160	218	215	279	275	196	0	245	130	221	263	194	179	210	238	238	269	299	218	239	164	127	259	113	268	189	107	243	259	1	294	206	252	287	257	102	145	156	142	171	204	193	225	185	234	185	227	267	101	274	280	118	292	248	167	121	193	269	189	107	198	266	118	237	197	135	
250	278	219	142	240	165	224	142	138	273	158	243	212	141	196	163	210	247	158	164	213	183	210	112	241	165	177	138	238	211	295	267	129	185	178	261	287	232	163	225	245	0	214	292	179	191	176	295	243	243	246	254	255	105	215	108	275	234	110	254	259	169	148	264	271	178	285	216	285	262	263	217	205	208	108	143	109	223	177	113	173	233	262	240	117	288	142	138	186	219	185	227	215	1	277	122	272	281	252	227	
202	153	190	198	191	134	246	211	157	113	114	119	198	270	261	192	114	117	151	234	200	170	212	131	292	298	185	289	154	202	282	198	161	229	177	197	258	170	258	260	135	264	0	138	157	137	1	293	291	258	293	198	205	258	185	169	274	212	231	117	210	240	161	117	109	164	118	213	130	219	249	194	270	136	177	250	127	115	152	195	147	273	171	223	114	147	285	133	189	213	112	299	193	175	217	167	196	128	270	133	
203	205	263	107	285	226	207	264	176	239	253	138	294	116	267	255	299	247	122	116	262	290	176	273	210	210	216	221	223	289	180	190	298	213	240	280	262	114	166	263	197	266	266	0	144	111	213	226	185	133	196	164	217	259	230	196	162	176	294	192	139	203	180	201	210	291	119	232	143	131	188	195	211	265	264	115	183	186	289	251	129	155	131	223	186	294	159	159	243	295	278	110	237	290	107	163	295	1	278	131	
234	130	244	177	257	209	260	228	132	251	149	203	164	163	155	135	225	213	272	197	230	221	255	207	1	226	235	133	264	223	278	285	110	102	262	205	180	161	194	225	179	191	227	141	0	133	166	117	232	211	179	189	291	257	228	180	285	243	238	289	268	178	256	252	130	239	299	119	114	248	276	247	141	184	200	224	294	248	251	280	142	227	292	145	132	240	169	266	261	152	266	247	283	167	237	260	190	104	118	273	
108	249	256	175	150	126	100	201	168	153	212	254	292	239	197	186	173	165	1	116	243	169	115	162	247	142	136	265	188	135	225	177	240	252	278	229	286	218	238	144	154	277	286	251	128	0	233	296	171	209	142	243	287	226	170	203	223	195	200	165	248	218	198	186	180	257	276	173	126	202	208	138	259	141	111	212	124	108	214	115	272	156	294	289	214	296	126	192	232	267	210	274	100	234	258	259	116	236	197	223	
293	287	292	156	124	1	107	179	164	229	154	233	277	291	130	260	246	232	162	292	251	124	113	144	202	153	166	258	199	132	260	296	231	199	161	160	281	292	174	223	240	224	104	182	142	289	0	212	281	131	173	130	261	275	177	136	238	213	163	264	178	271	229	188	158	295	135	221	283	268	135	178	140	140	279	206	142	151	155	194	220	152	197	194	278	299	295	212	294	242	108	290	232	289	196	273	219	234	251	138	
247	1	148	285	109	155	199	262	157	116	196	208	104	129	290	277	116	225	289	240	221	180	232	289	214	250	284	239	204	267	118	205	258	185	240	243	134	129	172	157	168	201	184	216	130	219	290	0	120	169	271	155	232	103	288	123	201	113	149	258	187	108	247	238	241	175	217	254	102	277	283	178	158	289	170	212	128	206	170	279	263	155	203	114	248	175	193	241	101	158	237	145	176	240	129	278	212	138	233	139	
220	140	205	108	239	102	203	187	163	295	225	134	126	164	168	249	188	138	268	294	299	256	264	117	234	275	118	137	120	239	276	266	193	1	186	184	282	178	216	178	190	154	253	187	153	162	282	181	0	297	283	276	141	189	275	256	107	278	267	218	165	282	243	126	271	199	228	247	120	132	185	173	180	251	155	249	290	235	168	180	161	242	103	142	244	248	155	291	247	214	162	120	164	126	144	147	247	156	237	223	
154	257	111	254	254	136	261	282	135	225	274	276	242	252	114	110	293	232	125	252	139	209	116	228	259	247	236	246	157	211	142	143	296	253	225	184	170	264	141	251	141	127	237	125	258	273	120	231	142	0	200	147	279	253	176	183	291	279	130	258	213	141	152	285	106	272	187	161	237	287	272	127	241	282	249	123	243	256	239	132	213	209	261	203	167	217	145	181	161	1	195	102	123	252	160	156	109	228	152	277	
130	118	235	206	247	144	162	162	250	205	114	123	261	187	171	183	226	202	247	146	201	249	262	116	260	142	182	167	227	1	176	248	283	101	205	279	282	165	176	204	294	136	236	208	107	272	174	141	163	284	0	118	211	191	199	215	193	220	253	126	228	273	267	239	278	205	248	154	238	109	299	277	199	259	138	299	296	122	204	290	216	126	140	186	220	216	234	153	215	223	136	196	237	291	294	144	203	170	194	191	
150	117	135	230	174	117	297	226	167	119	115	194	269	263	157	272	265	248	213	106	140	249	264	1	182	108	293	153	156	248	183	119	276	214	270	286	174	192	296	229	160	237	104	292	134	194	195	155	117	282	180	0	140	187	198	107	164	220	216	270	260	115	185	244	262	243	291	130	123	153	224	236	169	121	161	209	178	137	195	203	135	221	147	202	171	120	170	133	269	139	236	244	102	142	243	124	208	201	256	224	
207	237	161	232	241	131	238	257	208	272	150	185	233	293	126	261	133	263	161	296	285	207	188	202	186	119	128	236	146	175	194	275	223	292	135	193	177	293	217	267	148	105	271	279	148	168	152	255	268	188	183	203	0	143	171	203	262	270	100	190	271	223	164	197	185	222	292	118	209	150	1	125	221	224	231	266	132	108	211	212	157	158	123	257	231	295	268	141	162	196	257	143	241	260	178	156	133	250	152	259	
215	162	171	295	257	265	103	195	129	214	185	231	243	124	129	265	162	145	206	199	139	185	272	233	271	123	270	140	299	141	276	216	237	188	233	258	148	243	163	118	244	132	263	109	237	245	193	140	168	106	148	285	261	0	137	150	150	220	114	259	296	286	212	205	154	247	237	157	291	234	298	120	271	256	292	257	137	287	260	207	262	220	1	163	258	261	287	272	252	212	252	111	140	155	139	269	141	153	178	188	
286	183	169	155	258	218	274	298	127	189	188	159	188	290	1	182	259	220	168	193	142	284	182	131	126	255	174	218	222	104	136	153	262	183	109	111	139	285	136	128	252	171	282	293	128	239	114	178	251	153	129	260	223	104	0	290	238	231	228	136	143	111	272	147	241	271	294	202	144	103	286	108	132	268	285	106	245	175	126	203	251	239	151	107	280	101	259	270	146	238	159	223	104	254	203	141	127	118	112	164	
202	248	112	209	245	186	238	175	196	278	179	144	117	162	210	117	118	179	241	206	172	292	132	165	241	277	247	172	273	295	248	247	185	123	191	188	149	178	188	191	157	1	123	218	123	209	221	186	235	117	278	116	151	280	255	0	110	262	153	104	131	281	173	124	182	266	229	296	136	137	289	289	284	108	144	209	111	217	263	166	293	292	287	207	198	136	252	180	168	116	239	297	118	147	205	118	222	231	200	166	
161	276	219	242	243	221	243	138	186	237	153	199	179	227	125	280	143	251	108	135	253	205	145	166	130	181	298	148	267	174	137	230	107	179	131	283	263	156	278	281	199	289	1	150	144	286	298	268	252	259	237	211	258	175	237	188	0	210	129	185	136	249	274	205	283	218	274	158	161	126	165	163	243	242	218	144	197	175	248	156	111	167	229	155	270	283	141	278	214	178	211	165	271	243	119	246	113	251	100	295	
222	194	285	256	250	208	123	276	281	205	197	1	197	110	221	297	282	124	243	287	137	150	248	147	109	190	209	170	149	281	278	203	126	144	230	232	285	236	137	156	238	295	218	148	204	285	142	187	197	280	101	214	120	259	228	118	198	0	102	109	179	235	113	220	125	175	212	182	174	237	139	264	260	248	159	273	138	197	222	277	126	113	117	183	293	167	156	251	211	166	111	293	143	237	181	161	274	164	274	128	
256	217	103	195	295	227	273	144	261	110	111	270	166	195	101	118	146	195	101	184	237	217	221	167	256	233	299	234	142	241	141	176	169	226	182	111	274	178	299	217	127	146	171	244	166	263	188	141	208	144	259	104	177	298	243	190	140	267	0	263	1	115	113	298	114	236	134	283	120	272	195	151	138	125	206	135	124	275	225	184	272	227	248	168	158	242	223	182	286	222	254	235	223	272	194	197	243	239	136	235	
193	253	145	106	238	115	245	197	242	152	189	299	179	222	297	219	200	133	114	114	147	169	190	197	147	231	134	282	237	269	181	176	167	263	135	256	154	133	235	275	185	146	247	202	178	295	247	245	103	174	209	211	265	155	272	232	267	284	170	0	253	126	298	112	169	158	207	154	244	160	231	197	116	150	236	155	185	105	153	229	292	242	144	270	101	269	111	159	160	106	132	146	177	185	1	262	215	137	204	135	
188	286	198	198	229	125	123	132	292	284	184	255	195	1	279	174	179	289	224	191	274	125	299	195	259	122	209	162	111	269	192	240	162	110	196	267	257	177	218	112	279	280	104	273	270	183	289	150	218	275	164	181	265	112	100	103	159	149	259	216	0	270	262	183	130	291	278	134	127	140	223	206	249	141	272	237	273	177	113	167	136	110	286	174	180	105	278	196	282	297	223	123	221	192	175	278	217	251	153	113	
295	250	147	138	181	163	120	283	272	185	126	231	105	258	238	106	121	167	268	294	170	228	202	255	164	287	293	256	265	269	139	191	190	120	120	251	110	125	220	222	188	281	202	165	252	212	279	252	199	294	277	190	298	157	180	235	170	153	268	298	198	0	134	145	245	224	201	291	228	121	166	128	234	208	262	193	124	279	102	270	208	275	122	198	202	174	104	288	193	258	1	159	160	211	219	293	192	194	105	247	
226	178	180	289	275	201	210	190	201	173	109	125	178	216	143	219	235	185	273	266	142	168	115	291	253	230	197	253	138	247	196	201	289	261	289	169	173	1	291	245	151	217	277	186	222	194	218	280	272	288	164	118	134	289	140	284	261	218	179	108	265	163	0	239	269	188	182	170	110	204	152	148	188	235	137	137	192	184	198	230	272	258	192	140	216	133	152	166	173	173	234	295	182	175	251	157	159	256	169	267	
235	260	133	178	237	216	151	254	1	276	239	255	264	280	275	254	196	111	226	112	267	289	251	191	167	242	171	259	178	272	257	175	148	146	112	264	221	219	137	273	263	270	161	297	211	188	126	102	167	216	242	107	193	252	266	221	211	156	245	267	259	208	196	0	131	133	104	107	130	199	256	105	219	265	178	121	105	143	298	245	152	188	117	148	213	276	211	161	213	190	267	288	107	157	285	236	236	258	139	138	
156	216	153	148	235	147	212	291	258	181	271	268	103	271	288	261	257	112	185	269	173	253	298	181	150	157	267	167	203	240	151	289	267	172	101	142	108	291	144	250	216	244	278	111	264	108	118	144	155	209	234	250	111	211	132	242	137	263	125	159	167	273	121	245	0	226	190	262	219	193	212	147	1	216	262	124	234	208	111	132	274	167	250	172	188	208	220	135	195	230	183	208	265	258	107	123	210	205	171	120	
247	191	186	175	279	197	264	197	232	200	180	228	238	210	200	272	222	156	284	142	146	251	160	199	137	130	193	218	234	112	167	136	277	250	161	297	198	299	141	276	127	215	288	107	129	223	142	237	118	287	295	133	214	268	198	103	131	265	183	131	275	136	285	154	203	0	285	101	197	283	142	194	118	145	255	294	238	205	243	161	157	127	276	185	232	272	187	271	164	195	171	290	264	233	120	250	281	187	1	186	
240	144	155	163	190	116	261	114	287	113	272	149	108	108	289	279	274	270	214	189	105	181	118	204	239	191	276	121	226	195	223	141	188	236	149	283	256	178	101	184	268	118	164	269	127	210	136	244	265	108	272	245	218	205	260	275	274	153	193	248	232	141	276	193	158	256	0	248	279	234	216	163	220	263	235	291	231	153	286	141	195	248	132	118	258	204	1	194	241	295	292	282	129	160	262	131	106	171	162	161	
227	269	106	299	170	222	145	295	276	135	114	214	114	171	261	186	273	226	158	212	132	128	211	267	224	277	187	287	156	173	118	243	115	128	196	128	279	259	142	254	131	237	227	165	100	254	144	138	278	105	272	278	263	227	203	216	114	268	174	123	299	274	183	114	162	100	146	0	215	213	260	269	195	222	142	189	103	238	261	235	250	188	285	271	107	207	131	103	158	259	248	180	1	171	236	161	274	148	240	128	
188	234	260	283	114	186	142	164	264	114	220	282	244	264	241	208	177	254	251	140	144	199	190	113	158	1	105	145	208	183	237	178	106	169	286	163	200	170	203	108	268	190	151	120	254	166	106	176	122	209	209	196	250	169	169	216	236	152	172	226	247	205	154	124	287	254	248	250	0	256	171	190	129	207	213	186	113	155	209	283	185	122	109	184	294	225	254	254	271	156	219	224	296	267	210	281	225	165	221	245	
275	278	297	141	278	220	107	297	122	168	174	128	168	279	189	204	147	208	289	272	193	264	136	147	120	241	212	198	199	177	179	265	162	294	191	188	281	192	132	185	182	199	225	183	225	123	173	128	257	275	176	188	209	181	251	199	285	244	276	230	144	223	226	279	188	189	154	262	260	0	143	276	244	145	110	165	113	151	1	257	146	252	182	172	174	149	174	174	146	244	184	105	133	153	138	296	173	196	254	206	
280	277	292	127	111	152	136	199	101	128	132	109	269	279	142	212	265	231	233	262	207	264	105	125	134	230	272	104	198	230	214	278	293	110	253	170	286	150	218	259	236	175	143	230	157	190	254	194	257	284	136	152	218	181	124	1	205	195	299	126	230	127	143	239	266	284	212	112	182	152	0	295	116	229	159	171	119	222	278	146	147	284	216	256	159	262	160	212	269	191	284	104	158	169	107	143	125	122	123	142	
172	193	241	299	239	210	206	194	291	220	210	263	226	131	207	221	1	161	149	133	192	160	149	282	117	235	293	209	131	178	111	143	236	260	150	218	191	239	222	129	128	115	158	271	164	188	261	155	292	182	254	123	267	275	194	143	253	112	177	130	214	278	156	210	236	140	265	121	122	137	172	0	212	153	247	135	177	125	139	222	125	266	105	105	163	170	173	215	201	148	180	259	244	265	273	102	100	254	163	177	
275	209	187	124	262	243	156	208	278	201	179	150	224	214	110	282	208	256	169	175	117	205	107	176	253	234	119	193	249	223	214	224	244	131	178	130	173	232	166	238	148	267	185	168	104	106	273	236	158	130	284	184	167	204	265	212	249	115	189	192	261	228	298	274	280	242	226	282	163	294	281	188	0	229	280	296	114	297	132	190	131	274	299	1	220	266	277	266	162	202	208	215	137	284	256	217	195	236	235	118	
224	293	151	225	111	248	219	269	119	279	263	185	180	191	184	253	185	284	108	122	246	222	278	256	126	113	111	193	184	179	258	194	208	287	281	266	250	182	249	219	226	293	175	222	274	1	197	155	225	279	149	270	100	200	129	292	260	234	269	149	165	122	202	156	126	228	191	209	217	213	102	247	104	0	192	192	297	290	261	166	128	225	216	117	168	169	261	149	280	192	177	190	224	236	299	208	205	181	250	293	
192	201	224	237	117	141	148	230	262	183	277	262	231	213	290	295	213	257	271	101	144	164	234	287	280	123	180	103	107	227	1	152	100	189	139	179	288	181	236	230	217	141	191	298	165	201	155	279	193	239	204	190	135	261	275	186	151	158	104	124	250	218	276	266	121	257	195	116	172	204	134	178	247	289	0	111	253	198	177	237	169	169	143	200	139	162	103	222	205	211	288	116	155	261	200	232	193	132	202	163	
147	294	182	188	120	290	206	103	196	229	281	173	153	135	230	173	169	108	246	280	171	231	173	170	175	121	175	1	192	103	228	207	277	161	183	155	211	271	233	245	171	118	188	175	203	296	287	201	148	202	229	229	144	287	210	184	142	153	212	125	267	223	105	284	102	203	211	111	255	130	197	204	261	278	128	0	159	244	257	190	135	256	231	122	113	296	230	258	170	177	138	131	181	286	217	128	132	121	253	286	
163	193	240	134	137	168	185	255	168	239	244	208	275	248	160	232	295	248	202	114	186	1	111	216	241	229	111	106	205	107	173	259	213	267	171	161	119	261	202	207	247	152	287	240	162	241	193	298	261	234	102	205	214	290	293	167	180	133	247	213	147	216	207	120	159	291	224	121	186	227	182	210	224	131	132	251	0	247	214	197	158	237	164	206	151	217	263	144	283	275	256	203	132	296	171	214	239	230	196	284	
299	206	188	128	141	223	116	217	108	286	204	144	126	251	281	238	149	176	105	155	130	275	132	217	252	250	257	103	149	238	225	129	130	111	244	221	252	159	103	272	248	180	287	247	231	229	229	242	106	285	117	210	231	237	268	283	152	252	157	245	270	202	217	205	234	122	225	224	235	190	153	279	193	1	298	245	293	0	101	172	110	115	198	199	290	189	296	204	231	141	235	197	117	214	127	125	226	112	170	125	
190	142	118	244	128	278	114	290	127	196	160	258	158	267	191	210	239	265	167	280	200	198	233	178	194	233	1	226	222	255	260	173	298	169	139	278	113	185	178	163	281	144	202	107	102	215	282	211	236	112	229	268	225	200	220	179	217	211	292	285	107	196	194	140	105	232	251	122	165	246	145	209	102	213	231	164	186	113	0	117	166	117	244	271	253	136	261	248	130	197	184	284	136	223	170	282	151	110	135	145	
156	208	249	250	271	243	167	210	200	126	216	243	222	256	154	193	182	296	156	207	156	219	252	204	169	228	277	248	162	238	185	264	112	229	215	281	289	123	169	185	1	222	157	281	184	142	198	126	114	229	150	263	165	111	234	185	299	216	258	238	288	101	204	109	155	114	267	186	157	123	185	198	177	270	222	257	296	229	220	0	260	183	122	177	283	184	164	160	175	282	190	108	130	286	101	122	227	231	170	226	
154	181	134	105	230	110	226	119	201	249	177	200	189	129	261	209	119	146	134	240	282	171	153	208	127	247	285	144	280	274	201	207	220	261	161	207	116	135	159	219	196	192	189	253	262	258	113	225	104	118	234	296	293	144	119	257	209	137	183	226	134	103	211	239	252	123	215	109	254	198	135	230	183	232	182	233	210	199	162	189	0	265	249	204	106	158	255	171	1	133	206	248	220	178	170	235	125	263	273	165	
200	134	137	111	261	149	183	232	295	119	253	116	258	118	191	167	251	191	147	161	124	110	178	171	258	152	103	127	181	104	107	222	252	113	115	284	179	194	295	293	122	231	127	163	203	148	291	239	199	292	208	293	101	264	290	164	176	180	251	226	172	187	190	191	277	1	136	176	108	234	236	172	191	143	225	235	116	182	123	297	178	0	299	138	242	132	208	282	160	138	297	104	248	173	132	286	259	263	271	220	
192	213	186	283	135	227	131	159	232	226	264	112	161	128	231	133	134	244	121	238	275	252	277	292	277	269	144	255	183	230	258	187	217	290	197	1	250	272	279	285	206	200	206	281	186	212	139	173	132	257	143	113	296	233	210	202	213	239	170	268	183	102	168	234	165	285	247	279	114	259	126	192	201	107	285	216	113	236	180	183	192	232	0	246	112	228	159	132	254	197	231	230	226	126	186	213	115	282	156	188	
211	291	192	173	1	101	270	136	210	193	139	261	262	286	197	107	183	218	168	161	172	199	266	185	293	264	288	229	236	250	187	233	217	256	139	256	297	278	262	179	234	151	244	148	221	178	298	177	121	279	162	163	208	184	275	270	288	114	138	259	136	203	125	249	260	141	127	267	200	272	262	290	221	182	277	251	291	184	237	212	259	110	287	0	143	238	196	183	169	152	152	262	268	131	215	230	217	154	191	290	
1	283	199	202	210	247	195	184	215	241	220	138	224	128	204	228	273	243	263	169	262	208	181	262	252	153	188	299	203	228	114	191	168	198	136	159	254	299	274	130	148	108	242	180	258	277	189	285	213	194	165	205	146	198	222	239	207	159	132	295	181	113	201	177	242	261	205	152	243	214	142	255	254	217	175	183	237	238	132	246	206	119	243	256	0	192	219	134	269	105	112	109	151	122	235	137	214	268	261	235	
177	195	156	107	139	280	266	229	192	237	246	269	155	146	190	291	125	276	286	258	236	117	143	122	238	239	231	277	112	145	224	239	207	252	280	190	234	264	285	257	274	223	227	133	232	115	131	122	137	243	241	221	208	216	154	255	104	246	144	274	276	255	132	251	118	185	175	187	160	1	269	151	210	262	278	224	280	110	242	101	143	192	145	180	117	0	206	124	223	218	117	275	155	286	120	148	180	128	215	221	
229	265	276	286	227	299	270	262	217	233	278	152	182	172	143	249	282	286	283	113	104	295	120	148	109	266	297	260	199	276	241	133	168	192	194	156	250	161	251	205	180	213	145	192	155	275	132	166	100	225	234	182	109	276	137	263	187	188	126	177	270	163	243	172	193	227	220	1	246	193	250	200	254	266	297	126	166	280	244	172	189	248	160	293	250	188	0	182	191	186	240	130	237	151	115	209	270	212	132	255	
176	108	190	134	106	155	202	163	134	245	112	250	239	170	217	185	196	275	243	178	112	158	106	147	214	132	272	247	110	220	121	231	174	185	253	227	184	198	178	242	124	282	166	298	170	135	222	289	278	140	198	290	160	162	246	107	150	163	252	250	241	1	276	208	129	167	113	254	238	180	126	196	156	243	254	169	154	174	220	244	295	241	184	136	177	130	135	0	143	283	206	134	245	154	125	298	157	189	204	158	
114	167	280	274	219	211	130	101	161	274	134	119	1	291	189	190	178	256	179	219	178	240	275	111	189	151	270	247	204	174	114	265	259	232	143	162	228	139	189	294	264	231	137	275	153	134	206	235	156	128	233	252	178	234	157	229	149	266	148	271	295	105	239	221	269	293	204	202	243	186	167	270	242	133	140	116	116	181	144	179	200	198	247	127	209	275	215	284	0	121	239	148	174	178	104	125	175	125	257	108	
238	220	275	259	128	257	191	250	294	162	122	229	131	276	262	137	184	108	184	279	238	253	131	145	224	107	153	210	170	230	177	170	145	130	178	255	233	131	226	279	269	262	107	154	294	123	219	124	291	127	182	112	194	293	242	216	144	116	1	177	147	268	145	179	273	202	291	174	204	108	202	256	109	110	187	107	105	170	202	164	172	221	152	173	137	294	232	109	148	0	251	150	125	228	124	268	147	240	144	147	
259	237	126	242	185	121	244	246	276	263	1	102	292	255	124	106	188	153	235	192	179	158	137	226	108	148	297	271	237	116	240	236	204	217	287	191	149	255	292	256	129	101	228	189	137	264	206	224	136	174	265	255	238	220	205	231	217	180	191	270	261	199	118	156	124	259	290	157	209	297	100	158	222	198	136	137	206	227	176	166	141	139	162	216	155	200	186	242	159	275	0	242	100	184	198	149	238	239	135	251	
199	224	260	230	114	136	286	172	214	216	140	117	249	111	140	244	192	182	119	179	126	124	162	255	254	154	293	170	166	137	298	191	290	231	284	176	258	281	298	139	298	186	182	267	172	258	270	275	203	274	182	189	262	123	271	105	208	198	152	177	264	182	120	225	274	266	285	260	297	142	101	257	263	129	294	268	250	298	124	145	1	187	183	172	120	248	213	132	173	241	147	0	102	161	130	284	245	114	291	203	
206	267	292	275	290	169	1	273	237	273	235	130	108	225	126	223	219	199	239	201	236	290	118	194	100	203	129	210	167	159	169	298	164	284	277	193	219	189	220	289	178	140	129	157	159	107	111	233	296	208	115	190	270	194	241	113	240	124	175	246	276	229	134	158	280	208	190	122	135	239	145	211	135	248	200	192	286	241	193	275	189	269	274	105	269	259	256	259	230	247	248	133	0	223	199	150	291	199	212	220	
187	242	235	114	195	279	191	156	288	286	213	201	232	111	276	103	141	237	230	172	174	162	248	160	155	284	202	254	236	141	179	265	111	216	164	115	205	231	167	265	136	250	132	122	139	178	143	102	198	283	234	116	108	288	299	187	219	208	153	194	215	206	136	283	203	182	223	241	277	235	242	203	109	206	241	177	114	1	284	227	241	138	113	145	203	211	172	157	201	182	114	221	182	0	229	169	220	290	183	279	
240	255	151	270	182	242	143	233	121	295	146	286	146	193	246	256	234	253	224	231	266	273	194	238	283	239	199	289	162	288	224	201	123	119	295	190	126	251	127	248	239	216	143	273	151	298	116	186	281	239	291	177	215	176	240	220	106	180	208	213	160	210	171	193	135	176	166	150	256	125	261	145	271	255	205	266	295	281	262	157	114	173	184	173	118	170	109	110	187	258	252	191	289	171	0	214	1	167	216	169	
123	286	139	234	153	276	249	199	219	140	114	106	154	242	115	266	143	268	226	292	129	172	189	287	237	227	240	172	218	280	265	148	151	229	273	259	140	186	218	195	162	115	279	292	200	196	117	190	187	102	148	161	273	201	265	132	201	121	116	290	179	285	296	202	232	146	252	261	205	190	294	195	266	144	1	254	113	117	270	224	117	246	189	257	137	277	258	256	273	158	219	154	185	227	202	0	137	129	175	240	
236	249	108	193	180	215	135	235	118	226	121	100	140	177	225	136	207	149	261	292	135	152	152	202	106	209	117	273	147	118	105	271	274	124	295	198	242	157	133	105	103	262	179	242	254	156	204	249	223	227	293	290	149	147	106	260	190	167	232	138	213	275	1	208	157	241	139	131	152	248	244	141	238	106	120	179	265	257	177	221	189	213	271	258	205	164	248	246	224	286	263	193	195	140	181	204	0	256	181	149	
146	140	141	105	193	286	154	243	261	282	259	214	183	198	280	282	127	100	105	109	107	166	252	255	266	152	109	247	113	263	140	209	129	200	150	249	228	115	129	200	226	133	121	277	1	101	175	176	284	254	116	111	167	163	210	235	216	226	131	165	299	167	185	138	282	201	177	294	127	273	252	101	263	278	284	268	191	206	151	189	182	231	131	193	119	132	199	256	201	219	265	149	132	227	169	285	282	0	242	113	
141	144	188	175	123	120	217	129	229	237	285	244	222	161	243	185	151	182	123	133	274	239	168	187	177	211	263	120	141	206	137	274	195	259	153	294	1	113	161	164	190	273	119	162	151	114	229	154	125	217	278	280	116	208	188	165	199	137	127	153	111	256	216	248	234	282	107	116	296	110	243	122	201	119	271	196	211	251	226	282	183	283	209	286	210	158	173	195	202	236	272	113	262	221	252	112	112	276	0	215	
117	223	139	283	198	220	228	186	134	102	129	110	278	121	128	270	121	169	119	173	233	125	192	141	187	151	225	241	196	256	226	103	127	239	268	244	228	202	291	114	198	269	167	1	129	199	125	267	245	269	245	153	252	158	247	138	148	197	207	218	298	101	202	177	204	159	284	164	232	102	264	277	270	212	171	130	222	189	205	243	160	297	277	165	143	160	192	236	104	141	165	229	117	109	200	153	264	201	129	0	
