0 4 70 64 97 99 50 58 88 82 79 81 75 93 50 74 70 95 84 76 
99 0 80 86 74 51 70 69 52 6 89 67 81 66 65 53 97 85 61 87 
86 67 0 54 67 56 66 64 76 50 96 59 64 97 63 72 9 72 76 60 
52 97 94 0 82 72 99 67 62 99 94 97 85 81 67 7 69 71 94 72 
95 55 69 76 0 83 50 3 59 75 83 55 77 52 52 64 80 83 92 76 
50 82 57 6 60 0 83 70 86 79 62 64 59 89 77 94 72 67 86 75 
97 86 56 75 92 89 0 87 96 59 94 54 78 99 93 62 71 74 57 5 
59 84 82 80 98 51 7 0 86 81 90 60 89 61 86 66 84 97 69 88 
85 76 52 91 58 68 68 59 0 70 60 67 60 99 7 54 79 65 74 94 
92 74 64 52 57 65 82 54 57 0 7 75 99 72 52 89 85 60 54 98 
98 59 98 59 70 77 75 52 69 50 0 7 73 91 97 59 95 73 75 68 
83 78 87 93 53 96 96 68 96 69 81 0 92 3 98 85 58 63 99 88 
70 80 1 85 86 98 58 99 58 58 91 74 0 93 70 58 83 80 87 57 
83 88 78 68 70 82 92 63 59 67 99 69 4 0 51 67 89 63 94 50 
63 71 68 94 7 66 99 86 89 62 66 99 67 73 0 51 55 58 98 50 
9 64 96 85 88 78 85 70 89 91 64 67 98 56 89 0 86 76 66 57 
86 57 97 76 51 75 70 57 3 50 66 72 80 81 75 85 0 60 89 62 
72 77 90 89 91 51 89 92 61 88 82 69 57 75 56 69 67 0 4 81 
99 94 77 70 52 1 89 65 69 84 57 87 98 73 92 62 79 77 0 56 
58 57 92 98 93 79 76 87 97 97 70 88 57 91 56 51 80 7 80 0 
